Inference for Bugs model at "curtis_ghosh_example.jags", fit using jags,
 5 chains, each with 5000 iterations (first 1000 discarded), n.thin = 5
 n.sims = 4000 iterations saved
          mu.vect sd.vect   2.5%    25%    50%    75%  97.5%  Rhat n.eff
S[1]       12.912  11.685  1.000  3.000 12.000 17.000 37.000 1.971     8
S[2]       12.626  12.689  1.000  3.000  6.000 20.000 37.000 2.731     6
S[3]       15.459  14.584  1.000  3.000  6.000 33.000 37.000 5.338     5
S[4]       15.197  12.896  1.000  4.000 10.000 32.000 39.000 1.745     9
S[5]       19.318  12.457  1.000  9.000 17.000 33.000 38.000 1.751     9
S[6]       23.633  11.647  9.000 12.000 21.000 36.000 39.000 3.266     6
S[7]       21.663  12.452  1.000 12.000 17.000 33.000 39.000 1.195    31
S[8]       14.678  10.698  1.000  6.000 11.000 22.000 35.000 2.492     7
S[9]       23.111  13.781  1.000  7.000 30.000 34.000 39.000 1.524    11
S[10]      17.487  10.795  1.000 10.000 12.000 24.000 38.000 1.546    10
S[11]      21.895  11.702  5.000 12.000 17.000 34.000 39.000 2.459     7
S[12]      14.725  10.312  3.000  5.000 12.000 23.000 37.000 3.809     6
S[13]      17.248  14.749  1.000  2.000 12.000 33.000 39.000 2.345     7
S[14]      15.009  13.701  1.000  3.000 12.000 32.000 39.000 1.448    12
beta[1]     0.021   0.155 -0.177  0.000  0.000  0.000  0.589 1.213    31
beta[2]     0.406   0.364  0.000  0.000  0.391  0.696  1.121 1.666     9
beta[3]     0.519   0.321  0.000  0.255  0.575  0.744  1.127 1.896     8
beta[4]     0.173   0.306 -0.352  0.000  0.122  0.314  0.976 1.941     8
beta[5]    -0.016   0.172 -0.455 -0.034  0.000  0.000  0.353 1.209    21
beta[6]    -0.035   0.219 -0.585 -0.036  0.000  0.000  0.352 1.177    37
beta[7]    -0.019   0.039 -0.128 -0.025  0.000  0.000  0.009 1.120    37
beta[8]     0.144   0.064  0.000  0.117  0.153  0.186  0.248 1.383    14
beta[9]     0.038   0.158 -0.361  0.000  0.000  0.145  0.339 1.455    12
beta[10]    0.018   0.105 -0.232  0.000  0.000  0.017  0.224 1.252    19
beta[11]    0.008   0.153 -0.349 -0.017  0.000  0.000  0.374 1.158    28
beta[12]    0.214   0.314 -0.078  0.000  0.050  0.352  1.055 1.463    12
beta[13]   -0.142   0.158 -0.489 -0.263 -0.080  0.000  0.000 1.289    16
beta[14]   -0.103   0.179 -0.499 -0.235  0.000  0.000  0.161 1.256    18
gamma[1]    0.367   0.482  0.000  0.000  0.000  1.000  1.000 1.135    28
gamma[2]    0.726   0.446  0.000  0.000  1.000  1.000  1.000 1.324    15
gamma[3]    0.886   0.318  0.000  1.000  1.000  1.000  1.000 1.365    18
gamma[4]    0.745   0.436  0.000  0.000  1.000  1.000  1.000 1.316    16
gamma[5]    0.496   0.500  0.000  0.000  0.000  1.000  1.000 1.031   100
gamma[6]    0.430   0.495  0.000  0.000  0.000  1.000  1.000 1.075    45
gamma[7]    0.328   0.470  0.000  0.000  0.000  1.000  1.000 1.255    18
gamma[8]    0.907   0.290  0.000  1.000  1.000  1.000  1.000 1.459    16
gamma[9]    0.486   0.500  0.000  0.000  0.000  1.000  1.000 1.127    28
gamma[10]   0.454   0.498  0.000  0.000  0.000  1.000  1.000 1.170    23
gamma[11]   0.482   0.500  0.000  0.000  0.000  1.000  1.000 1.134    27
gamma[12]   0.654   0.476  0.000  0.000  1.000  1.000  1.000 1.035    94
gamma[13]   0.653   0.476  0.000  0.000  1.000  1.000  1.000 1.216    19
gamma[14]   0.593   0.491  0.000  0.000  1.000  1.000  1.000 1.085    41
deviance    5.159   6.048 -9.652  2.099  5.522  8.735 16.335 1.179    28

For each parameter, n.eff is a crude measure of effective sample size,
and Rhat is the potential scale reduction factor (at convergence, Rhat=1).

DIC info (using the rule, pD = var(deviance)/2)
pD = 15.6 and DIC = 20.8
DIC is an estimate of expected predictive error (lower deviance is better).



Inference for Bugs model at "curtis_ghosh_example.jags", fit using jags,
 5 chains, each with 5000 iterations (first 1000 discarded), n.thin = 5
 n.sims = 4000 iterations saved
          mu.vect sd.vect   2.5%    25%    50%    75%  97.5%  Rhat n.eff
S[1]       18.927  14.335  1.000  9.000 12.000 34.000 39.000 5.417     5
S[2]        7.606  11.166  1.000  1.000  2.000  9.000 39.000 2.540     6
S[3]       13.571  10.762  1.000  2.000 11.000 17.000 32.000 2.478     7
S[4]       15.706  10.480  1.000  9.000 14.000 19.000 32.000 4.784     5
S[5]        6.025   8.742  1.000  1.000  2.000 11.000 39.000 1.663    10
S[6]       15.848  12.027  1.000  2.000 13.000 32.000 39.000 2.340     7
S[7]       15.003  15.252  1.000  1.000  9.000 34.000 39.000 2.886     6
S[8]       17.598  15.354  1.000  2.000 13.000 32.000 39.000 6.627     5
S[9]       11.637  10.157  1.000  2.000 11.000 17.000 39.000 1.578    10
S[10]      10.602  14.754  1.000  2.000  2.000 12.000 39.000 2.511     6
S[11]      15.536  12.123  1.000  2.000 17.000 27.000 32.000 1.678     9
S[12]       4.848   7.831  1.000  1.000  2.000  2.000 31.000 2.414     7
S[13]      21.201  12.483  1.000 14.000 17.000 34.000 39.000 3.713     6
S[14]      18.119  14.221  1.000  2.000 15.000 29.000 39.000 3.512     6
beta[1]     0.085   0.280 -0.356  0.000  0.000  0.115  0.765 1.372    15
beta[2]     0.071   0.131 -0.037  0.000  0.000  0.120  0.419 1.114    43
beta[3]     0.240   0.231 -0.014  0.076  0.177  0.442  0.717 1.465    12
beta[4]     0.395   0.363  0.000  0.138  0.232  0.676  1.216 1.859     8
beta[5]     0.031   0.085 -0.128  0.000  0.000  0.072  0.194 1.167    24
beta[6]     0.063   0.192 -0.453  0.000  0.116  0.172  0.268 1.665    10
beta[7]    -0.015   0.041 -0.136  0.000  0.000  0.000  0.041 1.573    11
beta[8]     0.129   0.073  0.000  0.099  0.144  0.179  0.241 2.628     6
beta[9]    -0.009   0.130 -0.382  0.000  0.000  0.051  0.184 1.192    27
beta[10]    0.036   0.075 -0.051  0.000  0.000  0.069  0.229 1.117    40
beta[11]    0.120   0.236 -0.343  0.000  0.000  0.213  0.581 2.242     7
beta[12]    0.214   0.358 -0.051  0.000  0.079  0.167  1.216 2.349     7
beta[13]   -0.151   0.171 -0.493 -0.303 -0.091  0.000  0.000 2.480     7
beta[14]   -0.099   0.210 -0.506 -0.299  0.000  0.057  0.168 2.650     6
gamma[1]    0.607   0.488  0.000  0.000  1.000  1.000  1.000 1.323    14
gamma[2]    0.511   0.500  0.000  0.000  1.000  1.000  1.000 1.508    11
gamma[3]    0.794   0.404  0.000  1.000  1.000  1.000  1.000 1.596    10
gamma[4]    0.793   0.405  0.000  1.000  1.000  1.000  1.000 2.026     8
gamma[5]    0.472   0.499  0.000  0.000  0.000  1.000  1.000 1.447    12
gamma[6]    0.713   0.452  0.000  0.000  1.000  1.000  1.000 2.232     7
gamma[7]    0.311   0.463  0.000  0.000  0.000  1.000  1.000 1.376    13
gamma[8]    0.820   0.385  0.000  1.000  1.000  1.000  1.000 3.743     6
gamma[9]    0.545   0.498  0.000  0.000  1.000  1.000  1.000 1.312    15
gamma[10]   0.426   0.495  0.000  0.000  0.000  1.000  1.000 1.228    18
gamma[11]   0.567   0.496  0.000  0.000  1.000  1.000  1.000 2.321     7
gamma[12]   0.709   0.454  0.000  0.000  1.000  1.000  1.000 1.751     9
gamma[13]   0.598   0.490  0.000  0.000  1.000  1.000  1.000 2.206     7
gamma[14]   0.660   0.474  0.000  0.000  1.000  1.000  1.000 2.092     7
deviance    8.283   5.833 -1.167  3.584  8.258 11.842 20.481 1.621    10

For each parameter, n.eff is a crude measure of effective sample size,
and Rhat is the potential scale reduction factor (at convergence, Rhat=1).

DIC info (using the rule, pD = var(deviance)/2)
pD = 9.2 and DIC = 17.5
DIC is an estimate of expected predictive error (lower deviance is better).



Inference for Bugs model at "curtis_ghosh_example.jags", fit using jags,
 5 chains, each with 5000 iterations (first 1000 discarded), n.thin = 5
 n.sims = 4000 iterations saved
          mu.vect sd.vect   2.5%    25%    50%    75%  97.5%  Rhat n.eff
S[1]       10.308  11.115  1.000  1.000  4.000 20.000 31.000 2.063     7
S[2]       12.523  10.847  1.000  2.000  8.000 20.000 28.000 1.966     8
S[3]       10.017   9.979  1.000  2.000  7.000 12.000 31.000 5.117     5
S[4]       11.857  10.726  1.000  2.000  8.000 20.000 28.000 3.536     6
S[5]       11.455  10.661  1.000  2.000  8.000 20.000 28.000 2.435     7
S[6]       16.499  11.755  1.000  3.000 17.000 28.000 35.000 1.766     9
S[7]       18.538  14.921  1.000  2.000 26.000 30.000 39.000 4.250     5
S[8]       20.204   8.067  3.000 16.000 20.000 27.000 30.000 3.555     6
S[9]        9.730  10.407  1.000  1.000  3.000 17.000 28.000 2.401     7
S[10]      16.477  12.804  1.000  2.000 20.000 28.000 38.000 2.267     7
S[11]      17.852  10.303  1.000  8.000 20.000 27.000 30.000 3.354     6
S[12]      14.448   9.916  1.000  3.000 16.000 23.000 29.000 1.495    12
S[13]      14.880  13.517  1.000  2.000 13.500 26.000 39.000 4.322     5
S[14]       8.407   9.767  1.000  1.000  2.000 13.000 27.000 3.145     6
beta[1]     0.067   0.180 -0.166  0.000  0.000  0.116  0.605 1.235    30
beta[2]     0.198   0.252 -0.108  0.000  0.120  0.400  0.687 2.060     8
beta[3]     0.465   0.250  0.000  0.328  0.454  0.658  0.943 1.090    78
beta[4]     0.202   0.201  0.000  0.000  0.165  0.358  0.640 1.450    12
beta[5]     0.128   0.188 -0.123  0.000  0.000  0.223  0.444 1.673     9
beta[6]     0.034   0.094 -0.133  0.000  0.000  0.095  0.218 1.179    24
beta[7]    -0.024   0.046 -0.147 -0.033  0.000  0.000  0.000 1.286    18
beta[8]     0.148   0.047  0.054  0.118  0.148  0.179  0.241 1.126    32
beta[9]    -0.007   0.076 -0.183  0.000  0.000  0.000  0.162 1.131    52
beta[10]    0.044   0.084 -0.101  0.000  0.000  0.117  0.219 1.168    26
beta[11]    0.054   0.106 -0.130  0.000  0.000  0.146  0.236 1.315    15
beta[12]    0.071   0.114 -0.008  0.000  0.000  0.138  0.318 1.196    30
beta[13]   -0.095   0.140 -0.453 -0.171  0.000  0.000  0.000 1.159    27
beta[14]   -0.044   0.135 -0.450 -0.029  0.000  0.000  0.124 1.117    66
gamma[1]    0.432   0.495  0.000  0.000  0.000  1.000  1.000 1.701     9
gamma[2]    0.713   0.452  0.000  0.000  1.000  1.000  1.000 1.326    15
gamma[3]    0.917   0.276  0.000  1.000  1.000  1.000  1.000 1.140    53
gamma[4]    0.761   0.426  0.000  1.000  1.000  1.000  1.000 2.385     7
gamma[5]    0.558   0.497  0.000  0.000  1.000  1.000  1.000 1.343    13
gamma[6]    0.424   0.494  0.000  0.000  0.000  1.000  1.000 1.440    12
gamma[7]    0.307   0.461  0.000  0.000  0.000  1.000  1.000 1.421    12
gamma[8]    0.989   0.105  1.000  1.000  1.000  1.000  1.000 1.146   260
gamma[9]    0.306   0.461  0.000  0.000  0.000  1.000  1.000 1.312    15
gamma[10]   0.437   0.496  0.000  0.000  0.000  1.000  1.000 1.212    19
gamma[11]   0.446   0.497  0.000  0.000  0.000  1.000  1.000 1.365    13
gamma[12]   0.460   0.498  0.000  0.000  0.000  1.000  1.000 1.216    19
gamma[13]   0.459   0.498  0.000  0.000  0.000  1.000  1.000 1.409    12
gamma[14]   0.371   0.483  0.000  0.000  0.000  1.000  1.000 1.509    11
deviance    6.899   4.626 -1.515  4.071  6.675  9.268 17.394 1.056    64

For each parameter, n.eff is a crude measure of effective sample size,
and Rhat is the potential scale reduction factor (at convergence, Rhat=1).

DIC info (using the rule, pD = var(deviance)/2)
pD = 10.0 and DIC = 16.9
DIC is an estimate of expected predictive error (lower deviance is better).



Inference for Bugs model at "curtis_ghosh_example.jags", fit using jags,
 5 chains, each with 5000 iterations (first 1000 discarded), n.thin = 5
 n.sims = 4000 iterations saved
          mu.vect sd.vect   2.5%    25%    50%    75%  97.5%  Rhat n.eff
S[1]       22.514  13.759  1.000 10.750 29.000 33.000 38.000 4.778     5
S[2]       23.201   8.877 10.000 14.000 25.000 31.000 37.000 1.583    10
S[3]       20.811  12.281  1.000 11.000 23.000 33.000 37.000 3.908     6
S[4]       17.233   8.311  1.000 12.000 17.000 25.000 31.000 1.379    14
S[5]       20.293  12.914  1.000 10.000 25.000 33.000 37.000 2.591     6
S[6]       15.320  13.080  1.000  2.000 13.000 30.000 38.000 3.392     6
S[7]       18.856  12.801  1.000 10.000 14.000 31.000 38.000 2.981     6
S[8]       17.373  14.117  1.000  2.000 14.000 31.000 38.000 3.707     6
S[9]       23.207  12.153  1.000 13.000 29.000 33.000 38.000 2.102     8
S[10]      22.007  13.452  1.000 11.000 25.000 33.000 38.000 2.580     7
S[11]      16.528  13.727  1.000  2.000 13.000 31.000 38.000 2.947     6
S[12]      11.669   8.133  1.000  5.000 12.000 14.000 34.000 1.267    23
S[13]      19.448  14.027  1.000  2.000 19.000 32.000 39.000 2.155     7
S[14]      18.476  13.647  1.000  2.000 17.000 31.000 38.000 2.123     7
beta[1]     0.049   0.214 -0.150  0.000  0.000  0.000  0.830 1.400    24
beta[2]     0.248   0.306 -0.149  0.000  0.095  0.534  0.786 1.644     9
beta[3]     0.396   0.375 -0.035  0.000  0.483  0.668  1.138 1.104    41
beta[4]     0.298   0.347 -0.080  0.000  0.148  0.550  1.122 1.082    70
beta[5]     0.098   0.234 -0.252  0.000  0.000  0.142  0.627 2.173     7
beta[6]    -0.041   0.235 -0.501  0.000  0.000  0.000  0.200 1.214    74
beta[7]    -0.003   0.021 -0.073  0.000  0.000  0.000  0.000 1.116    90
beta[8]     0.113   0.068  0.000  0.077  0.130  0.162  0.218 1.343    14
beta[9]     0.001   0.073 -0.180  0.000  0.000  0.000  0.165 1.023   190
beta[10]    0.004   0.084 -0.217  0.000  0.000  0.000  0.185 1.219    23
beta[11]    0.060   0.140 -0.178  0.000  0.000  0.130  0.495 1.089    49
beta[12]    0.196   0.335  0.000  0.000  0.000  0.269  1.153 1.627    11
beta[13]   -0.079   0.125 -0.403 -0.156  0.000  0.000  0.000 1.164    26
beta[14]   -0.048   0.126 -0.403  0.000  0.000  0.000  0.137 1.117    51
gamma[1]    0.232   0.422  0.000  0.000  0.000  0.000  1.000 1.280    18
gamma[2]    0.582   0.493  0.000  0.000  1.000  1.000  1.000 1.350    14
gamma[3]    0.652   0.476  0.000  0.000  1.000  1.000  1.000 1.118    32
gamma[4]    0.669   0.471  0.000  0.000  1.000  1.000  1.000 1.027   120
gamma[5]    0.449   0.497  0.000  0.000  0.000  1.000  1.000 1.585    10
gamma[6]    0.300   0.458  0.000  0.000  0.000  1.000  1.000 1.246    18
gamma[7]    0.082   0.274  0.000  0.000  0.000  0.000  1.000 1.074   100
gamma[8]    0.799   0.401  0.000  1.000  1.000  1.000  1.000 1.365    15
gamma[9]    0.209   0.407  0.000  0.000  0.000  0.000  1.000 1.046    91
gamma[10]   0.282   0.450  0.000  0.000  0.000  1.000  1.000 1.127    32
gamma[11]   0.464   0.499  0.000  0.000  0.000  1.000  1.000 1.303    15
gamma[12]   0.441   0.497  0.000  0.000  0.000  1.000  1.000 1.448    12
gamma[13]   0.408   0.491  0.000  0.000  0.000  1.000  1.000 1.172    23
gamma[14]   0.327   0.469  0.000  0.000  0.000  1.000  1.000 1.269    17
deviance    8.274   4.982 -0.652  5.069  7.797 10.923 19.504 1.049    84

For each parameter, n.eff is a crude measure of effective sample size,
and Rhat is the potential scale reduction factor (at convergence, Rhat=1).

DIC info (using the rule, pD = var(deviance)/2)
pD = 11.8 and DIC = 20.1
DIC is an estimate of expected predictive error (lower deviance is better).



Inference for Bugs model at "curtis_ghosh_example.jags", fit using jags,
 5 chains, each with 5000 iterations (first 1000 discarded), n.thin = 5
 n.sims = 4000 iterations saved
          mu.vect sd.vect   2.5%    25%    50%    75%  97.5%  Rhat n.eff
S[1]       17.551  12.776  1.000  4.000 20.000 29.000 38.000 2.789     6
S[2]       10.536  12.690  1.000  1.000  2.000 24.000 35.000 2.150     7
S[3]       12.717  11.366  1.000  3.000 12.000 21.000 36.000 4.760     5
S[4]        5.931   5.825  1.000  2.000  4.000  8.000 24.000 1.564    10
S[5]       12.114  12.642  1.000  1.000  7.000 24.000 38.000 1.957     8
S[6]        4.269   4.045  1.000  1.000  2.000  6.000 14.000 1.463    11
S[7]       17.715  14.231  1.000  2.000 14.000 31.000 38.000 1.420    12
S[8]       18.909  14.046  1.000  2.000 27.000 31.000 38.000 4.002     6
S[9]       10.729  11.966  1.000  1.000  4.000 22.000 34.000 1.763     9
S[10]      11.626  13.313  1.000  1.000  4.000 29.000 37.000 1.947     8
S[11]      15.539  13.518  1.000  2.000 12.000 30.000 38.000 1.990     8
S[12]      13.306  10.445  1.000  2.000 12.000 21.000 32.000 2.401     7
S[13]      14.296  13.786  1.000  2.000  7.000 30.000 39.000 1.549    10
S[14]       7.547   9.002  1.000  1.000  4.000 12.000 35.000 1.253    18
beta[1]     0.141   0.267 -0.189  0.000  0.000  0.220  0.849 1.120    38
beta[2]     0.093   0.201 -0.152  0.000  0.000  0.140  0.663 1.060    86
beta[3]     0.528   0.405 -0.034  0.152  0.551  0.843  1.324 1.462    11
beta[4]     0.259   0.361 -0.139  0.000  0.090  0.507  1.089 1.363    14
beta[5]     0.051   0.153 -0.223  0.000  0.000  0.116  0.421 1.164    28
beta[6]    -0.075   0.296 -0.918 -0.036  0.000  0.000  0.234 1.274    27
beta[7]    -0.014   0.039 -0.138  0.000  0.000  0.000  0.016 1.161    38
beta[8]     0.092   0.074  0.000  0.000  0.103  0.148  0.227 1.135    28
beta[9]     0.028   0.137 -0.238  0.000  0.000  0.000  0.424 1.176    28
beta[10]    0.033   0.092 -0.109  0.000  0.000  0.022  0.324 1.041   180
beta[11]    0.036   0.152 -0.254  0.000  0.000  0.108  0.366 1.062    89
beta[12]    0.267   0.383  0.000  0.000  0.010  0.471  1.315 1.230    21
beta[13]   -0.072   0.125 -0.390 -0.132  0.000  0.000  0.042 1.176    26
beta[14]   -0.021   0.133 -0.366  0.000  0.000  0.000  0.185 1.083   100
gamma[1]    0.487   0.500  0.000  0.000  0.000  1.000  1.000 1.026   120
gamma[2]    0.517   0.500  0.000  0.000  1.000  1.000  1.000 1.104    34
gamma[3]    0.870   0.337  0.000  1.000  1.000  1.000  1.000 1.149    39
gamma[4]    0.612   0.487  0.000  0.000  1.000  1.000  1.000 1.100    36
gamma[5]    0.454   0.498  0.000  0.000  0.000  1.000  1.000 1.176    22
gamma[6]    0.482   0.500  0.000  0.000  0.000  1.000  1.000 1.341    14
gamma[7]    0.211   0.408  0.000  0.000  0.000  0.000  1.000 1.111    40
gamma[8]    0.716   0.451  0.000  0.000  1.000  1.000  1.000 1.115    35
gamma[9]    0.355   0.479  0.000  0.000  0.000  1.000  1.000 1.022   150
gamma[10]   0.335   0.472  0.000  0.000  0.000  1.000  1.000 1.055    64
gamma[11]   0.482   0.500  0.000  0.000  0.000  1.000  1.000 1.019   170
gamma[12]   0.525   0.499  0.000  0.000  1.000  1.000  1.000 1.236    18
gamma[13]   0.384   0.486  0.000  0.000  0.000  1.000  1.000 1.172    23
gamma[14]   0.357   0.479  0.000  0.000  0.000  1.000  1.000 1.043    77
deviance    9.492   6.534 -3.247  5.646  9.443 13.041 24.150 1.138    29

For each parameter, n.eff is a crude measure of effective sample size,
and Rhat is the potential scale reduction factor (at convergence, Rhat=1).

DIC info (using the rule, pD = var(deviance)/2)
pD = 18.3 and DIC = 27.8
DIC is an estimate of expected predictive error (lower deviance is better).



Inference for Bugs model at "curtis_ghosh_example.jags", fit using jags,
 5 chains, each with 5000 iterations (first 1000 discarded), n.thin = 5
 n.sims = 4000 iterations saved
          mu.vect sd.vect   2.5%    25%    50%    75%  97.5%  Rhat n.eff
S[1]       25.145   9.792 14.000 18.000 22.000 38.000 39.000 2.442     7
S[2]       20.465  12.300  1.000 13.000 22.000 30.000 39.000 7.721     5
S[3]       28.365   8.006 15.000 22.000 26.000 37.000 38.000 4.685     5
S[4]       14.569  10.747  1.000  1.000 18.000 23.000 38.000 2.353     7
S[5]       14.615  13.133  1.000  1.000 14.000 22.000 39.000 6.986     5
S[6]       13.774  12.152  1.000  1.000 13.000 22.000 38.000 2.698     6
S[7]       19.359  12.321  1.000 13.000 20.000 26.000 38.000 2.800     6
S[8]       13.783   7.608  1.000 13.000 14.000 18.000 27.000 6.547     5
S[9]       19.645  13.108  1.000  8.000 19.500 32.000 39.000 5.898     5
S[10]      13.717  11.881  1.000  1.000 14.000 22.000 39.000 8.844     5
S[11]      20.959  13.273  1.000 13.000 20.000 36.000 39.000 4.984     5
S[12]      13.488  12.113  1.000  1.000 14.000 24.000 36.000 4.842     5
S[13]      20.205  12.973  1.000  8.000 20.000 35.000 39.000 4.039     6
S[14]      13.893  10.531  1.000  1.000 17.000 20.000 36.000 3.515     6
beta[1]     0.085   0.159 -0.053  0.000  0.000  0.156  0.571 1.297    22
beta[2]     0.237   0.316  0.000  0.000  0.000  0.556  0.856 2.074     7
beta[3]     0.594   0.350  0.000  0.402  0.649  0.864  1.086 1.397    13
beta[4]     0.207   0.340 -0.109  0.000  0.000  0.419  0.998 1.428    13
beta[5]    -0.013   0.170 -0.492  0.000  0.000  0.000  0.215 1.244   200
beta[6]     0.029   0.149 -0.247  0.000  0.000  0.028  0.405 1.258    27
beta[7]    -0.011   0.030 -0.109  0.000  0.000  0.000  0.000 1.394    15
beta[8]     0.098   0.082  0.000  0.000  0.117  0.166  0.235 1.625     9
beta[9]     0.007   0.122 -0.175  0.000  0.000  0.000  0.281 1.187    48
beta[10]    0.009   0.073 -0.115  0.000  0.000  0.000  0.175 1.128    34
beta[11]   -0.009   0.102 -0.242  0.000  0.000  0.000  0.147 1.073    90
beta[12]    0.214   0.298 -0.086  0.000  0.000  0.472  0.917 1.337    14
beta[13]   -0.046   0.094 -0.332 -0.054  0.000  0.000  0.013 1.131    40
beta[14]   -0.017   0.090 -0.323  0.000  0.000  0.000  0.135 1.153    64
gamma[1]    0.430   0.495  0.000  0.000  0.000  1.000  1.000 1.535    10
gamma[2]    0.476   0.499  0.000  0.000  0.000  1.000  1.000 1.542    10
gamma[3]    0.852   0.356  0.000  1.000  1.000  1.000  1.000 1.262    22
gamma[4]    0.561   0.496  0.000  0.000  1.000  1.000  1.000 1.446    11
gamma[5]    0.374   0.484  0.000  0.000  0.000  1.000  1.000 1.311    15
gamma[6]    0.468   0.499  0.000  0.000  0.000  1.000  1.000 1.227    18
gamma[7]    0.210   0.407  0.000  0.000  0.000  0.000  1.000 1.898     8
gamma[8]    0.642   0.479  0.000  0.000  1.000  1.000  1.000 1.605    10
gamma[9]    0.338   0.473  0.000  0.000  0.000  1.000  1.000 1.405    13
gamma[10]   0.323   0.468  0.000  0.000  0.000  1.000  1.000 1.197    21
gamma[11]   0.288   0.453  0.000  0.000  0.000  1.000  1.000 1.373    13
gamma[12]   0.606   0.489  0.000  0.000  1.000  1.000  1.000 1.219    19
gamma[13]   0.360   0.480  0.000  0.000  0.000  1.000  1.000 1.516    11
gamma[14]   0.288   0.453  0.000  0.000  0.000  1.000  1.000 1.194    22
deviance    9.062   5.484 -1.878  5.638  9.641 12.406 19.853 1.386    13

For each parameter, n.eff is a crude measure of effective sample size,
and Rhat is the potential scale reduction factor (at convergence, Rhat=1).

DIC info (using the rule, pD = var(deviance)/2)
pD = 9.9 and DIC = 18.9
DIC is an estimate of expected predictive error (lower deviance is better).



Inference for Bugs model at "curtis_ghosh_example.jags", fit using jags,
 5 chains, each with 5000 iterations (first 1000 discarded), n.thin = 5
 n.sims = 4000 iterations saved
          mu.vect sd.vect   2.5%    25%    50%    75%  97.5%  Rhat n.eff
S[1]       16.204  12.806  1.000  6.000  8.000 26.000 38.000 1.570    10
S[2]       16.009  10.776  5.000  7.000 12.000 24.000 38.000 3.513     6
S[3]       19.718  15.279  1.000  3.000 24.000 37.000 39.000 2.471     7
S[4]       13.450   9.920  2.000  6.000  8.000 24.000 32.000 4.998     5
S[5]       13.358  13.333  1.000  2.000  6.000 25.000 39.000 2.948     6
S[6]       18.734  14.270  1.000  4.000 12.000 33.000 38.000 2.329     7
S[7]       14.418  11.388  1.000  6.000  8.000 24.000 36.000 1.101    65
S[8]       10.048  12.245  1.000  2.000  5.000  8.000 38.000 4.876     5
S[9]        6.811   6.135  1.000  2.000  6.000  8.000 24.000 1.937     8
S[10]       8.245   8.977  1.000  3.000  6.000  8.000 37.000 1.518    11
S[11]       9.282   8.539  1.000  3.000  7.000 12.000 27.000 1.797     9
S[12]      22.439  12.205  5.000  8.000 24.000 32.000 38.000 2.007     8
S[13]       6.726   5.560  1.000  2.000  6.000 10.000 17.000 1.592    10
S[14]      15.077  12.478  1.000  5.000 10.000 24.000 38.000 1.607    10
beta[1]     0.075   0.169 -0.141  0.000  0.000  0.127  0.491 1.141    30
beta[2]     0.173   0.310 -0.151  0.000  0.000  0.371  0.941 1.297    17
beta[3]     0.300   0.363  0.000  0.000  0.150  0.577  1.077 1.366    14
beta[4]     0.450   0.406  0.000  0.019  0.400  0.711  1.336 1.523    11
beta[5]    -0.008   0.139 -0.321  0.000  0.000  0.000  0.243 1.109    42
beta[6]    -0.095   0.267 -0.897 -0.108  0.000  0.000  0.230 1.093    53
beta[7]    -0.013   0.037 -0.129  0.000  0.000  0.000  0.000 1.072    75
beta[8]     0.095   0.081  0.000  0.000  0.113  0.157  0.239 1.554    10
beta[9]     0.036   0.138 -0.209  0.000  0.000  0.064  0.388 1.272    19
beta[10]    0.031   0.145 -0.209  0.000  0.000  0.000  0.445 1.494    14
beta[11]    0.048   0.215 -0.337  0.000  0.000  0.084  0.668 1.314    17
beta[12]    0.359   0.430 -0.049  0.000  0.146  0.679  1.338 1.749     9
beta[13]   -0.081   0.131 -0.431 -0.144  0.000  0.000  0.009 1.119    34
beta[14]   -0.020   0.138 -0.434  0.000  0.000  0.000  0.180 1.094    63
gamma[1]    0.438   0.496  0.000  0.000  0.000  1.000  1.000 1.143    26
gamma[2]    0.474   0.499  0.000  0.000  0.000  1.000  1.000 1.635     9
gamma[3]    0.636   0.481  0.000  0.000  1.000  1.000  1.000 1.434    12
gamma[4]    0.768   0.422  0.000  1.000  1.000  1.000  1.000 1.438    13
gamma[5]    0.309   0.462  0.000  0.000  0.000  1.000  1.000 1.034   100
gamma[6]    0.422   0.494  0.000  0.000  0.000  1.000  1.000 1.046    70
gamma[7]    0.188   0.391  0.000  0.000  0.000  0.000  1.000 1.063    71
gamma[8]    0.643   0.479  0.000  0.000  1.000  1.000  1.000 1.662     9
gamma[9]    0.357   0.479  0.000  0.000  0.000  1.000  1.000 1.097    38
gamma[10]   0.324   0.468  0.000  0.000  0.000  1.000  1.000 1.079    46
gamma[11]   0.454   0.498  0.000  0.000  0.000  1.000  1.000 1.058    57
gamma[12]   0.705   0.456  0.000  0.000  1.000  1.000  1.000 1.319    15
gamma[13]   0.420   0.494  0.000  0.000  0.000  1.000  1.000 1.105    34
gamma[14]   0.360   0.480  0.000  0.000  0.000  1.000  1.000 1.237    18
deviance    9.937   5.690 -1.603  6.320  9.703 13.605 21.242 1.058    64

For each parameter, n.eff is a crude measure of effective sample size,
and Rhat is the potential scale reduction factor (at convergence, Rhat=1).

DIC info (using the rule, pD = var(deviance)/2)
pD = 15.2 and DIC = 25.1
DIC is an estimate of expected predictive error (lower deviance is better).



Inference for Bugs model at "curtis_ghosh_example.jags", fit using jags,
 5 chains, each with 5000 iterations (first 1000 discarded), n.thin = 5
 n.sims = 4000 iterations saved
          mu.vect sd.vect   2.5%    25%    50%    75%  97.5%  Rhat n.eff
S[1]       16.331  11.010  1.000  3.000 20.000 26.000 39.000 3.766     6
S[2]       20.070  13.125  1.000  7.000 26.000 26.000 39.000 2.420     7
S[3]       17.353  10.910  2.000  8.000 20.000 26.000 39.000 2.605     6
S[4]       20.565  13.031  1.000  3.000 26.000 26.000 39.000 2.440     7
S[5]       18.419  12.306  1.000  6.000 24.000 26.000 39.000 3.229     6
S[6]       13.492  14.585  1.000  1.000  6.000 26.000 39.000 2.480     7
S[7]       19.029  13.156  1.000  6.000 26.000 26.000 39.000 1.926     8
S[8]       22.634  13.206  2.000  8.000 26.000 36.000 39.000 3.280     6
S[9]       16.486  12.396  1.000  6.000 15.500 26.000 39.000 1.327    16
S[10]      19.844  14.547  1.000  7.000 20.000 35.000 39.000 1.596    10
S[11]      27.101  10.648  2.000 25.000 26.000 36.000 39.000 2.096     8
S[12]      16.294  13.894  1.000  6.000  8.000 26.000 39.000 3.471     6
S[13]      22.567  11.256  2.000 11.000 26.000 30.000 39.000 1.852     8
S[14]      20.984  12.860  1.000  7.000 26.000 27.000 39.000 2.086     8
beta[1]     0.473   0.527 -0.472  0.000  0.537  0.828  1.394 1.871     8
beta[2]     0.283   0.501 -0.154  0.000  0.000  0.363  1.419 2.563     6
beta[3]     0.602   0.500  0.000  0.088  0.614  1.044  1.462 2.079     7
beta[4]     0.278   0.366 -0.138  0.000  0.088  0.613  1.068 1.991     8
beta[5]    -0.008   0.132 -0.370  0.000  0.000  0.000  0.193 1.163    40
beta[6]    -0.509   0.976 -2.931 -0.400  0.000  0.000  0.170 2.776     6
beta[7]    -0.011   0.037 -0.135  0.000  0.000  0.000  0.031 1.257    25
beta[8]     0.068   0.069  0.000  0.000  0.062  0.130  0.194 1.221    19
beta[9]     0.005   0.103 -0.246  0.000  0.000  0.000  0.231 1.039   190
beta[10]    0.012   0.087 -0.158  0.000  0.000  0.000  0.268 1.098   870
beta[11]    0.001   0.139 -0.354  0.000  0.000  0.000  0.289 1.049   540
beta[12]    0.451   0.542 -0.017  0.000  0.131  1.017  1.463 2.162     7
beta[13]   -0.061   0.121 -0.421 -0.083  0.000  0.000  0.012 1.267    20
beta[14]   -0.025   0.132 -0.425  0.000  0.000  0.000  0.172 1.276    21
gamma[1]    0.766   0.423  0.000  1.000  1.000  1.000  1.000 1.175    26
gamma[2]    0.504   0.500  0.000  0.000  1.000  1.000  1.000 1.241    17
gamma[3]    0.809   0.393  0.000  1.000  1.000  1.000  1.000 1.324    17
gamma[4]    0.612   0.487  0.000  0.000  1.000  1.000  1.000 1.454    12
gamma[5]    0.338   0.473  0.000  0.000  0.000  1.000  1.000 1.079    46
gamma[6]    0.497   0.500  0.000  0.000  0.000  1.000  1.000 1.417    12
gamma[7]    0.173   0.379  0.000  0.000  0.000  0.000  1.000 1.164    31
gamma[8]    0.574   0.494  0.000  0.000  1.000  1.000  1.000 1.322    14
gamma[9]    0.264   0.441  0.000  0.000  0.000  1.000  1.000 1.095    42
gamma[10]   0.292   0.455  0.000  0.000  0.000  1.000  1.000 1.109    36
gamma[11]   0.373   0.484  0.000  0.000  0.000  1.000  1.000 1.156    25
gamma[12]   0.592   0.491  0.000  0.000  1.000  1.000  1.000 1.613    10
gamma[13]   0.327   0.469  0.000  0.000  0.000  1.000  1.000 1.240    18
gamma[14]   0.362   0.481  0.000  0.000  0.000  1.000  1.000 1.194    21
deviance    7.800   7.635 -4.973  1.168  8.829 13.271 21.104 1.558    10

For each parameter, n.eff is a crude measure of effective sample size,
and Rhat is the potential scale reduction factor (at convergence, Rhat=1).

DIC info (using the rule, pD = var(deviance)/2)
pD = 16.4 and DIC = 24.2
DIC is an estimate of expected predictive error (lower deviance is better).



Inference for Bugs model at "curtis_ghosh_example.jags", fit using jags,
 5 chains, each with 5000 iterations (first 1000 discarded), n.thin = 5
 n.sims = 4000 iterations saved
          mu.vect sd.vect   2.5%    25%    50%    75%  97.5%  Rhat n.eff
S[1]       22.995  13.521  2.000  7.000 24.000 37.000 39.000 1.756     9
S[2]       25.411  13.630  2.000 21.000 33.000 38.000 39.000 6.857     5
S[3]       16.741  15.796  1.000  2.000  9.000 37.000 38.000 6.956     5
S[4]       20.469  12.042  2.000 11.000 22.000 27.000 38.000 6.553     5
S[5]       21.143  12.746  2.000  9.000 21.000 33.000 39.000 6.537     5
S[6]       18.566  14.233  2.000  2.000 21.000 32.000 39.000 2.908     6
S[7]       14.899  13.940  2.000  2.000 10.000 24.000 39.000 2.530     6
S[8]       15.467  13.439  1.000  2.000 16.000 24.000 38.000 5.762     5
S[9]        9.827  10.921  1.000  2.000  4.000 21.000 35.000 2.461     7
S[10]       8.474  10.581  1.000  2.000  2.000 16.000 35.000 1.990     8
S[11]      21.173  15.043  2.000  2.000 21.000 38.000 39.000 3.922     6
S[12]      19.844  15.200  1.000  2.000 21.000 37.000 39.000 6.238     5
S[13]      14.074  13.160  2.000  2.000  9.000 21.000 39.000 2.934     6
S[14]      13.238  12.651  1.000  2.000  4.000 23.000 39.000 1.505    11
beta[1]     0.040   0.207 -0.284  0.000  0.000  0.001  0.663 1.355    17
beta[2]     0.123   0.253 -0.156  0.000  0.000  0.162  0.825 1.405    15
beta[3]     0.565   0.383  0.000  0.207  0.552  0.860  1.286 2.385     7
beta[4]     0.190   0.272 -0.171  0.000  0.122  0.292  0.863 2.149     7
beta[5]     0.043   0.228 -0.318 -0.078  0.000  0.145  0.528 1.937     8
beta[6]    -0.011   0.177 -0.352 -0.075  0.000  0.021  0.332 1.365    14
beta[7]    -0.020   0.047 -0.157  0.000  0.000  0.000  0.000 1.053    97
beta[8]     0.117   0.076  0.000  0.064  0.133  0.173  0.239 1.870     8
beta[9]    -0.008   0.107 -0.236  0.000  0.000  0.000  0.219 1.188    22
beta[10]    0.003   0.098 -0.219  0.000  0.000  0.000  0.230 1.094    38
beta[11]    0.055   0.136 -0.259  0.000  0.000  0.157  0.259 1.542    10
beta[12]    0.295   0.446 -0.106  0.000  0.000  0.566  1.282 2.770     6
beta[13]   -0.108   0.126 -0.379 -0.197 -0.083  0.000  0.061 1.213    20
beta[14]   -0.050   0.138 -0.397 -0.094  0.000  0.000  0.170 1.206    21
gamma[1]    0.440   0.496  0.000  0.000  0.000  1.000  1.000 1.097    36
gamma[2]    0.473   0.499  0.000  0.000  0.000  1.000  1.000 1.205    19
gamma[3]    0.941   0.236  0.000  1.000  1.000  1.000  1.000 1.287    32
gamma[4]    0.613   0.487  0.000  0.000  1.000  1.000  1.000 1.478    11
gamma[5]    0.642   0.480  0.000  0.000  1.000  1.000  1.000 1.258    17
gamma[6]    0.538   0.499  0.000  0.000  1.000  1.000  1.000 1.246    17
gamma[7]    0.242   0.428  0.000  0.000  0.000  0.000  1.000 1.048    80
gamma[8]    0.781   0.414  0.000  1.000  1.000  1.000  1.000 1.962     8
gamma[9]    0.374   0.484  0.000  0.000  0.000  1.000  1.000 1.093    39
gamma[10]   0.352   0.478  0.000  0.000  0.000  1.000  1.000 1.020   160
gamma[11]   0.628   0.483  0.000  0.000  1.000  1.000  1.000 1.340    14
gamma[12]   0.565   0.496  0.000  0.000  1.000  1.000  1.000 1.219    18
gamma[13]   0.638   0.481  0.000  0.000  1.000  1.000  1.000 1.303    15
gamma[14]   0.448   0.497  0.000  0.000  0.000  1.000  1.000 1.112    32
deviance    7.712   5.289 -0.921  4.342  7.181 10.477 19.653 1.072    51

For each parameter, n.eff is a crude measure of effective sample size,
and Rhat is the potential scale reduction factor (at convergence, Rhat=1).

DIC info (using the rule, pD = var(deviance)/2)
pD = 12.9 and DIC = 20.6
DIC is an estimate of expected predictive error (lower deviance is better).



Inference for Bugs model at "curtis_ghosh_example.jags", fit using jags,
 5 chains, each with 5000 iterations (first 1000 discarded), n.thin = 5
 n.sims = 4000 iterations saved
          mu.vect sd.vect   2.5%    25%    50%    75%  97.5%  Rhat n.eff
S[1]       11.729  13.813  1.000  1.000  2.000 22.000 37.000 2.681     6
S[2]       18.599  13.333  1.000  5.000 24.000 30.000 37.000 2.080     7
S[3]        3.102   2.202  1.000  1.000  3.000  4.000  8.000 1.208    22
S[4]        8.512  11.603  1.000  1.000  2.000  8.000 35.000 3.545     6
S[5]        8.223  11.110  1.000  1.000  2.000  8.000 34.000 1.675     9
S[6]        3.883   4.919  1.000  1.000  2.000  4.000 20.000 1.576    10
S[7]       18.159  14.888  1.000  1.000 21.000 31.000 39.000 2.505     6
S[8]       19.996   9.601  3.000 15.000 22.000 26.500 37.000 2.399     7
S[9]       12.296  13.867  1.000  1.000  2.000 30.000 38.000 4.478     5
S[10]      12.866  14.395  1.000  1.000  4.000 28.000 37.000 2.490     7
S[11]       7.492  11.505  1.000  1.000  1.000  6.000 39.000 3.216     6
S[12]      13.674  14.525  1.000  1.000  5.000 30.000 38.000 7.609     5
S[13]       8.333  12.875  1.000  1.000  2.000  5.000 37.000 4.526     5
S[14]      12.549  13.938  1.000  1.000  3.000 28.000 37.000 2.453     7
beta[1]     0.105   0.248 -0.319  0.000  0.000  0.189  0.725 1.471    12
beta[2]     0.203   0.369 -0.276  0.000  0.000  0.363  1.087 1.093    44
beta[3]     0.323   0.331 -0.273  0.000  0.265  0.568  0.973 1.197    22
beta[4]     0.310   0.316 -0.165  0.000  0.320  0.544  0.958 1.280    16
beta[5]     0.085   0.233 -0.188  0.000  0.000  0.096  0.832 1.495    13
beta[6]    -0.071   0.351 -1.265 -0.123  0.000  0.059  0.391 1.278    30
beta[7]    -0.013   0.036 -0.121  0.000  0.000  0.000  0.027 1.080    63
beta[8]     0.136   0.066  0.000  0.102  0.145  0.181  0.247 1.256    18
beta[9]     0.010   0.125 -0.268  0.000  0.000  0.013  0.286 1.174    30
beta[10]   -0.030   0.124 -0.325 -0.061  0.000  0.000  0.216 1.364    15
beta[11]    0.131   0.242 -0.201  0.000  0.000  0.272  0.669 1.425    13
beta[12]    0.208   0.278 -0.106  0.000  0.083  0.420  0.885 1.577    10
beta[13]   -0.137   0.156 -0.485 -0.255 -0.083  0.000  0.021 1.389    13
beta[14]   -0.106   0.184 -0.488 -0.247 -0.038  0.000  0.213 1.396    13
gamma[1]    0.666   0.472  0.000  0.000  1.000  1.000  1.000 1.128    30
gamma[2]    0.598   0.490  0.000  0.000  1.000  1.000  1.000 1.114    32
gamma[3]    0.768   0.422  0.000  1.000  1.000  1.000  1.000 1.347    15
gamma[4]    0.739   0.439  0.000  0.000  1.000  1.000  1.000 1.218    21
gamma[5]    0.448   0.497  0.000  0.000  0.000  1.000  1.000 1.200    20
gamma[6]    0.616   0.487  0.000  0.000  1.000  1.000  1.000 1.112    32
gamma[7]    0.248   0.432  0.000  0.000  0.000  0.000  1.000 1.063    62
gamma[8]    0.903   0.296  0.000  1.000  1.000  1.000  1.000 1.305    23
gamma[9]    0.487   0.500  0.000  0.000  0.000  1.000  1.000 1.136    27
gamma[10]   0.480   0.500  0.000  0.000  0.000  1.000  1.000 1.187    21
gamma[11]   0.588   0.492  0.000  0.000  1.000  1.000  1.000 1.236    18
gamma[12]   0.643   0.479  0.000  0.000  1.000  1.000  1.000 1.344    14
gamma[13]   0.640   0.480  0.000  0.000  1.000  1.000  1.000 1.608    10
gamma[14]   0.686   0.464  0.000  0.000  1.000  1.000  1.000 1.237    18
deviance    7.359   7.430 -4.212  1.534  6.667 12.047 24.129 1.474    11

For each parameter, n.eff is a crude measure of effective sample size,
and Rhat is the potential scale reduction factor (at convergence, Rhat=1).

DIC info (using the rule, pD = var(deviance)/2)
pD = 16.9 and DIC = 24.3
DIC is an estimate of expected predictive error (lower deviance is better).



Inference for Bugs model at "curtis_ghosh_example.jags", fit using jags,
 5 chains, each with 5000 iterations (first 1000 discarded), n.thin = 5
 n.sims = 4000 iterations saved
          mu.vect sd.vect   2.5%    25%    50%    75%  97.5%  Rhat n.eff
S[1]       23.279  11.314  1.000 11.000 24.000 34.000 39.000 1.581    11
S[2]       22.189  14.041  1.000  7.000 26.000 36.000 39.000 2.855     6
S[3]       15.012  12.243  1.000  3.000 15.000 21.000 36.000 3.056     6
S[4]       21.138  10.293  7.000 10.000 23.000 33.000 36.000 3.043     6
S[5]       19.428  12.683  1.000  4.000 23.000 31.000 37.000 2.398     7
S[6]       16.858  10.154  1.000 10.000 15.000 24.000 36.000 3.928     6
S[7]       17.617  12.861  1.000  7.000 15.000 33.000 38.000 1.818     8
S[8]       21.399   9.675  9.000 11.000 24.000 33.000 36.000 2.223     7
S[9]       11.337   9.485  1.000  3.750 10.000 15.000 37.000 2.588     6
S[10]      18.589  11.632  1.975 11.000 15.000 29.000 37.000 2.076     8
S[11]      19.642  12.032  1.000 11.000 23.000 33.000 37.000 3.475     6
S[12]      21.401  11.595  3.000 13.750 23.000 35.000 38.000 4.020     6
S[13]      15.526   8.437  1.000 10.000 15.000 21.000 29.000 2.680     6
S[14]      16.319  11.171  1.000  4.000 15.000 23.000 38.000 2.036     7
beta[1]     0.084   0.223 -0.365  0.000  0.000  0.165  0.618 1.222    20
beta[2]     0.181   0.266 -0.096  0.000  0.000  0.363  0.792 1.056    61
beta[3]     0.253   0.343 -0.272  0.000  0.138  0.483  1.025 1.499    11
beta[4]     0.375   0.335 -0.058  0.000  0.376  0.635  1.004 1.545    10
beta[5]     0.025   0.257 -0.465  0.000  0.000  0.072  0.695 1.149    31
beta[6]     0.030   0.161 -0.395  0.000  0.000  0.142  0.230 1.416    13
beta[7]    -0.011   0.034 -0.108  0.000  0.000  0.000  0.038 1.058    88
beta[8]     0.134   0.060  0.000  0.104  0.140  0.173  0.238 1.084    44
beta[9]    -0.031   0.143 -0.401 -0.046  0.000  0.000  0.237 1.222    23
beta[10]    0.052   0.112 -0.105  0.000  0.000  0.114  0.381 1.060    87
beta[11]    0.072   0.196 -0.272  0.000  0.000  0.141  0.539 1.217    29
beta[12]    0.231   0.258 -0.068  0.000  0.152  0.396  0.838 1.072    54
beta[13]   -0.186   0.175 -0.510 -0.323 -0.203  0.000  0.104 1.292    15
beta[14]   -0.134   0.198 -0.520 -0.311 -0.040  0.000  0.145 1.247    17
gamma[1]    0.591   0.492  0.000  0.000  1.000  1.000  1.000 1.195    21
gamma[2]    0.577   0.494  0.000  0.000  1.000  1.000  1.000 1.107    34
gamma[3]    0.748   0.434  0.000  0.000  1.000  1.000  1.000 1.119    34
gamma[4]    0.770   0.421  0.000  1.000  1.000  1.000  1.000 1.403    13
gamma[5]    0.538   0.499  0.000  0.000  1.000  1.000  1.000 1.107    33
gamma[6]    0.649   0.477  0.000  0.000  1.000  1.000  1.000 1.090    40
gamma[7]    0.283   0.451  0.000  0.000  0.000  1.000  1.000 1.159    26
gamma[8]    0.924   0.265  0.000  1.000  1.000  1.000  1.000 1.074   110
gamma[9]    0.509   0.500  0.000  0.000  1.000  1.000  1.000 1.118    31
gamma[10]   0.516   0.500  0.000  0.000  1.000  1.000  1.000 1.024   130
gamma[11]   0.600   0.490  0.000  0.000  1.000  1.000  1.000 1.108    34
gamma[12]   0.768   0.422  0.000  1.000  1.000  1.000  1.000 1.063    64
gamma[13]   0.722   0.448  0.000  0.000  1.000  1.000  1.000 1.150    28
gamma[14]   0.684   0.465  0.000  0.000  1.000  1.000  1.000 1.078    47
deviance    6.693   6.561 -5.255  1.872  6.860 11.307 19.253 1.181    22

For each parameter, n.eff is a crude measure of effective sample size,
and Rhat is the potential scale reduction factor (at convergence, Rhat=1).

DIC info (using the rule, pD = var(deviance)/2)
pD = 17.5 and DIC = 24.2
DIC is an estimate of expected predictive error (lower deviance is better).



Inference for Bugs model at "curtis_ghosh_example.jags", fit using jags,
 5 chains, each with 5000 iterations (first 1000 discarded), n.thin = 5
 n.sims = 4000 iterations saved
          mu.vect sd.vect   2.5%    25%    50%    75%  97.5%  Rhat n.eff
S[1]       19.854  12.453  1.000  8.000 23.000 30.000 38.000 2.876     6
S[2]       16.566  13.356  1.000  3.000 15.000 26.000 38.000 1.757     9
S[3]       16.770  14.134  1.000  3.000 15.000 35.000 38.000 3.359     6
S[4]       19.061  10.777  1.000 15.000 18.000 26.000 37.000 3.872     6
S[5]       16.244  10.788  1.000  4.000 18.000 23.000 38.000 2.916     6
S[6]       15.363  13.265  1.000  2.000 16.000 23.000 38.000 2.367     7
S[7]       19.512  13.221  1.000  7.000 22.000 34.000 38.000 1.894     8
S[8]        7.973   8.435  1.000  1.000  3.000 17.000 23.000 1.755     9
S[9]       20.921  10.867  1.000 15.000 22.000 29.000 38.000 1.455    13
S[10]       7.309   8.608  1.000  1.000  3.000 13.000 23.000 2.270     7
S[11]      17.437  14.011  1.000  3.000 22.000 35.000 38.000 2.145     7
S[12]      20.833  10.650  1.000 15.000 21.000 28.000 38.000 1.301    24
S[13]      17.009  12.400  1.000  3.000 22.000 28.000 35.000 1.634    10
S[14]      22.338  11.321  1.000 15.000 23.000 33.000 38.000 1.369    17
beta[1]     0.098   0.201 -0.198  0.000  0.000  0.144  0.623 1.079   120
beta[2]     0.111   0.180 -0.075  0.000  0.070  0.153  0.627 1.251    21
beta[3]     0.418   0.359  0.000  0.053  0.420  0.698  1.087 1.271    16
beta[4]     0.309   0.339 -0.030  0.000  0.181  0.558  1.104 1.250    19
beta[5]     0.033   0.183 -0.385  0.000  0.000  0.125  0.460 1.172    35
beta[6]     0.007   0.164 -0.405  0.000  0.000  0.000  0.232 1.238    40
beta[7]    -0.004   0.024 -0.084  0.000  0.000  0.000  0.008 1.053   180
beta[8]     0.106   0.069  0.000  0.056  0.120  0.154  0.225 1.037   110
beta[9]     0.013   0.110 -0.252  0.000  0.000  0.000  0.290 1.151    49
beta[10]    0.025   0.102 -0.264  0.000  0.000  0.084  0.198 1.110    92
beta[11]    0.084   0.173 -0.118  0.000  0.000  0.130  0.581 1.192    37
beta[12]    0.211   0.320 -0.042  0.000  0.000  0.407  1.065 1.213    22
beta[13]   -0.073   0.138 -0.432 -0.121  0.000  0.000  0.068 1.684    10
beta[14]   -0.042   0.148 -0.436  0.000  0.000  0.000  0.145 1.764     9
gamma[1]    0.564   0.496  0.000  0.000  1.000  1.000  1.000 1.009   360
gamma[2]    0.590   0.492  0.000  0.000  1.000  1.000  1.000 1.434    12
gamma[3]    0.792   0.406  0.000  1.000  1.000  1.000  1.000 1.082    52
gamma[4]    0.732   0.443  0.000  0.000  1.000  1.000  1.000 1.384    13
gamma[5]    0.555   0.497  0.000  0.000  1.000  1.000  1.000 1.088    40
gamma[6]    0.334   0.472  0.000  0.000  0.000  1.000  1.000 1.138    29
gamma[7]    0.098   0.297  0.000  0.000  0.000  0.000  1.000 1.034   190
gamma[8]    0.795   0.404  0.000  1.000  1.000  1.000  1.000 1.055    76
gamma[9]    0.274   0.446  0.000  0.000  0.000  1.000  1.000 1.176    25
gamma[10]   0.386   0.487  0.000  0.000  0.000  1.000  1.000 1.052    64
gamma[11]   0.462   0.499  0.000  0.000  0.000  1.000  1.000 1.028   110
gamma[12]   0.500   0.500  0.000  0.000  1.000  1.000  1.000 1.100    35
gamma[13]   0.354   0.478  0.000  0.000  0.000  1.000  1.000 1.276    16
gamma[14]   0.365   0.481  0.000  0.000  0.000  1.000  1.000 1.170    23
deviance    9.711   5.993 -1.948  6.156  9.230 12.819 23.263 1.227    20

For each parameter, n.eff is a crude measure of effective sample size,
and Rhat is the potential scale reduction factor (at convergence, Rhat=1).

DIC info (using the rule, pD = var(deviance)/2)
pD = 14.3 and DIC = 24.0
DIC is an estimate of expected predictive error (lower deviance is better).



