Inference for Bugs model at "scripts/multivariate/analyze-protea-univariate.jags", fit using jags,
 5 chains, each with 60000 iterations (first 10000 discarded), n.thin = 50
 n.sims = 5000 iterations saved
           mu.vect sd.vect     2.5%      25%      50%      75%    97.5%  Rhat n.eff
S[1]        20.280  17.941    1.000    2.000   17.000   37.000   48.000 1.553    10
S[2]        17.974  17.958    1.000    1.000   11.000   35.000   48.000 1.647     9
S[3]        23.551  14.344    1.000   11.000   24.000   36.000   46.000 4.186     6
S[4]        29.243  13.772    1.000   22.000   30.000   42.000   48.000 1.747    10
S[5]        21.619  17.088    1.000    5.000   17.000   37.000   48.000 2.077     7
S[6]        14.293  13.578    1.000    1.000   11.000   25.000   45.000 1.453    12
S[7]        20.661  17.844    1.000    2.000   18.000   41.000   48.000 2.907     6
S[8]        19.674  17.805    1.000    2.000   16.000   36.000   48.000 1.568    10
S[9]        19.442  16.842    1.000    2.000   16.000   33.000   48.000 1.281    16
S[10]       17.502  17.870    1.000    1.000    9.000   33.000   48.000 1.628     9
S[11]       14.095  17.652    1.000    2.000    4.000   21.000   48.000 2.117     7
S[12]       16.153  12.879    1.000    2.000   16.000   27.000   43.000 1.730     9
S[13]       26.652  15.473    1.000   12.000   25.000   42.000   47.000 3.292     6
S[14]       16.109  11.400    1.000    7.000   14.000   23.000   40.000 1.472    12
S[15]       17.998  18.131    1.000    1.000   10.000   35.000   48.000 1.898     8
S[16]       18.967  17.505    1.000    1.000   17.000   33.000   48.000 1.620    10
S[17]       17.910  17.680    1.000    1.000   11.000   34.000   48.000 1.595    10
S[18]       14.405   6.625    3.000    8.000   14.000   20.000   25.000 2.172     7
S[19]       19.523  18.726    1.000    1.000   12.000   44.000   48.000 1.795     8
S[20]       17.781  17.322    1.000    1.000   12.000   32.000   48.000 1.796     8
S[21]       17.625  17.386    1.000    2.000   11.000   32.000   48.000 1.593    10
S[22]       17.613  18.017    1.000    1.000    9.000   33.250   48.000 1.923     8
S[23]       21.510   9.739    1.000   16.000   24.000   29.000   36.000 2.207     7
beta[1]      0.001   0.007    0.000    0.000    0.000    0.000    0.025 1.059   240
beta[2]      0.003   0.099   -0.323    0.000    0.000    0.000    0.227 1.202    40
beta[3]      1.972   0.536    1.074    1.621    1.902    2.269    3.209 1.133    64
beta[4]     -1.632   1.822   -6.099   -2.226   -1.587    0.000    0.235 2.573     6
beta[5]      0.314   0.269    0.000    0.000    0.261    0.542    0.799 2.643     6
beta[6]     -0.198   0.296   -0.779   -0.516    0.000    0.000    0.118 1.500    11
beta[7]      0.230   0.049    0.131    0.200    0.234    0.263    0.320 1.062    99
beta[8]      0.024   0.055    0.000    0.000    0.000    0.000    0.184 1.162    34
beta[9]      0.001   0.007    0.000    0.000    0.000    0.000    0.023 1.065   280
beta[10]     0.005   0.018    0.000    0.000    0.000    0.000    0.062 1.025   700
beta[11]     0.666   0.766    0.000    0.018    0.262    1.352    2.307 3.142     6
beta[12]    -0.452   0.594   -1.923   -0.826    0.000    0.000    0.230 2.008     8
beta[13]     2.360   0.688    1.171    1.887    2.312    2.800    3.805 1.114    38
beta[14]    -1.579   0.762   -2.792   -2.007   -1.761   -1.490    0.000 1.724     9
beta[15]    -0.033   0.166   -0.581    0.000    0.000    0.000    0.186 1.494    15
beta[16]    -0.193   0.284   -0.736   -0.493    0.000    0.000    0.153 1.396    13
beta[17]    -0.028   0.195   -0.589    0.000    0.000    0.000    0.258 1.312    20
beta[18]    -1.825   0.304   -2.381   -2.026   -1.833   -1.642   -1.194 1.025   190
beta[19]     0.184   0.149    0.000    0.000    0.212    0.263    0.504 1.149    29
beta[20]     0.014   0.046    0.000    0.000    0.000    0.000    0.173 1.121    79
beta[21]    -0.002   0.057   -0.071    0.000    0.000    0.000    0.069 1.065   260
beta[22]     0.009   0.034    0.000    0.000    0.000    0.000    0.145 1.088   120
beta[23]    -0.731   0.172   -1.092   -0.849   -0.719   -0.604   -0.432 1.097    39
gamma[1]     0.074   0.261    0.000    0.000    0.000    0.000    1.000 1.108    76
gamma[2]     0.229   0.420    0.000    0.000    0.000    0.000    1.000 1.077    54
gamma[3]     1.000   0.000    1.000    1.000    1.000    1.000    1.000 1.000     1
gamma[4]     0.738   0.440    0.000    0.000    1.000    1.000    1.000 1.603    10
gamma[5]     0.744   0.436    0.000    0.000    1.000    1.000    1.000 2.025     8
gamma[6]     0.438   0.496    0.000    0.000    0.000    1.000    1.000 1.210    19
gamma[7]     1.000   0.000    1.000    1.000    1.000    1.000    1.000 1.000     1
gamma[8]     0.243   0.429    0.000    0.000    0.000    0.000    1.000 1.092    45
gamma[9]     0.067   0.250    0.000    0.000    0.000    0.000    1.000 1.082   110
gamma[10]    0.132   0.339    0.000    0.000    0.000    0.000    1.000 1.057    96
gamma[11]    0.779   0.415    0.000    1.000    1.000    1.000    1.000 1.483    12
gamma[12]    0.586   0.493    0.000    0.000    1.000    1.000    1.000 1.391    13
gamma[13]    0.999   0.028    1.000    1.000    1.000    1.000    1.000 1.293  1200
gamma[14]    0.875   0.331    0.000    1.000    1.000    1.000    1.000 1.559    12
gamma[15]    0.272   0.445    0.000    0.000    0.000    1.000    1.000 1.104    38
gamma[16]    0.516   0.500    0.000    0.000    1.000    1.000    1.000 1.129    29
gamma[17]    0.351   0.477    0.000    0.000    0.000    1.000    1.000 1.116    33
gamma[18]    1.000   0.000    1.000    1.000    1.000    1.000    1.000 1.000     1
gamma[19]    0.754   0.431    0.000    1.000    1.000    1.000    1.000 1.064    62
gamma[20]    0.169   0.375    0.000    0.000    0.000    0.000    1.000 1.037   120
gamma[21]    0.144   0.351    0.000    0.000    0.000    0.000    1.000 1.064    81
gamma[22]    0.133   0.340    0.000    0.000    0.000    0.000    1.000 1.032   170
gamma[23]    1.000   0.000    1.000    1.000    1.000    1.000    1.000 1.000     1
pi           0.530   0.158    0.277    0.419    0.512    0.615    0.920 1.076    48
theta[1]     0.080   1.249   -2.217   -0.543    0.175    0.291    2.741 1.048   240
theta[2]     0.034   1.303   -2.350   -0.476    0.150    0.268    2.869 1.054   180
theta[3]     1.972   0.536    1.074    1.621    1.902    2.269    3.209 1.133    64
theta[4]    -1.597   1.954   -6.099   -2.241   -1.670    0.060    1.806 2.237     7
theta[5]     0.450   0.922   -1.776    0.221    0.404    0.668    2.628 1.217    63
theta[6]    -0.032   1.188   -2.090   -0.646   -0.288    0.255    2.658 1.148    36
theta[7]     0.230   0.049    0.131    0.200    0.234    0.263    0.320 1.062    99
theta[8]     0.113   1.332   -2.329   -0.535    0.145    0.286    2.894 1.045   660
theta[9]    -0.018   1.347   -2.368   -0.659    0.134    0.292    2.586 1.031   920
theta[10]    0.146   1.221   -2.105   -0.503    0.151    0.293    2.850 1.072    99
theta[11]    0.672   0.888   -1.079    0.201    0.287    1.420    2.342 2.038     8
theta[12]   -0.286   1.242   -2.044   -0.939   -0.576    0.199    2.788 1.324    16
theta[13]    2.360   0.688    1.171    1.887    2.312    2.800    3.805 1.107    68
theta[14]   -1.458   1.218   -2.841   -2.014   -1.770   -1.512    2.537 1.520    13
theta[15]    0.134   1.239   -2.141   -0.493    0.147    0.273    2.859 1.092    88
theta[16]   -0.101   0.855   -1.853   -0.586   -0.004    0.220    2.088 1.066    67
theta[17]    0.180   1.255   -2.062   -0.517    0.162    0.312    2.866 1.099    71
theta[18]   -1.825   0.304   -2.381   -2.026   -1.833   -1.642   -1.194 1.025   190
theta[19]    0.160   0.613   -1.610    0.132    0.228    0.278    1.305 1.072   160
theta[20]    0.211   1.299   -2.137   -0.509    0.169    0.341    2.941 1.133    32
theta[21]    0.127   1.311   -2.220   -0.528    0.143    0.309    2.904 1.069    87
theta[22]    0.200   1.294   -2.179   -0.486    0.165    0.321    2.839 1.087    78
theta[23]   -0.731   0.172   -1.092   -0.849   -0.719   -0.604   -0.432 1.097    39
xi[1]        0.143   1.496   -3.031   -0.546    0.153    0.763    3.120 1.063   230
xi[2]        0.103   1.683   -3.394   -0.777    0.200    0.985    3.393 1.041   150
xi[3]        0.036   1.751   -3.393   -1.099    0.078    1.192    3.345 1.031   150
xi[4]        0.146   1.804   -3.387   -0.901    0.166    1.117    3.807 1.031   300
xi[5]        0.192   1.787   -3.375   -0.836    0.224    1.220    3.833 1.057   120
xi[6]       -0.013   1.806   -3.485   -1.144    0.008    0.976    3.850 1.035   320
xi[7]       -0.051   1.806   -3.375   -1.376   -0.024    1.017    3.499 1.066    76
xi[8]       -0.033   1.861   -3.584   -1.275   -0.026    1.146    3.582 1.022   830
xi[9]        0.013   1.841   -3.564   -1.111    0.043    1.095    3.756 1.017  2500
xi[10]      -0.019   1.769   -3.519   -1.022   -0.015    0.978    3.629 1.014  2500
xi[11]      -0.149   1.851   -3.504   -1.243   -0.176    0.940    3.718 1.027   580
xi[12]       0.058   1.829   -3.614   -1.239    0.135    1.400    3.313 1.026   200
xi[13]      -0.039   1.769   -3.438   -1.164   -0.047    1.053    3.449 1.024   370
xi[14]      -0.131   1.812   -3.452   -1.294   -0.168    0.951    3.609 1.031   190
xi[15]       0.038   1.815   -3.498   -1.016    0.045    1.155    3.683 1.020   550
xi[16]      -0.042   1.809   -3.629   -1.049   -0.034    0.887    3.804 1.027   570
xi[17]      -0.134   1.762   -3.514   -1.209   -0.157    0.852    3.557 1.023   380
xi[18]      -0.011   1.693   -3.400   -0.984   -0.009    0.967    3.324 1.019   550
xi[19]       0.018   1.809   -3.609   -0.937   -0.039    1.013    3.616 1.021  1900
xi[20]       0.012   1.859   -3.503   -1.077   -0.058    1.075    3.747 1.031   170
xi[21]       0.112   1.891   -3.631   -0.980    0.053    1.226    3.699 1.020   320
xi[22]       0.001   1.831   -3.598   -1.059    0.015    1.000    3.699 1.021  1400
xi[23]      -0.109   1.884   -3.596   -1.447   -0.187    0.989    3.713 1.022   480
xi[24]      -0.025   1.792   -3.584   -1.082   -0.052    1.027    3.649 1.022   970
xi[25]      -0.006   1.857   -4.393   -0.962    0.016    1.093    3.512 1.022   510
xi[26]      -0.011   1.785   -3.701   -1.010    0.006    1.024    3.371 1.021   590
xi[27]       0.026   1.836   -3.668   -1.008    0.020    1.066    3.829 1.022   730
xi[28]      -0.045   1.817   -3.721   -0.968   -0.135    0.985    3.599 1.020  2400
xi[29]      -0.157   1.814   -4.171   -1.105   -0.246    0.866    3.385 1.016  1300
xi[30]      -0.177   1.799   -3.632   -1.414   -0.224    0.907    3.554 1.031   150
xi[31]      -0.111   1.778   -3.619   -1.091   -0.179    0.914    3.614 1.010  1600
xi[32]      -0.065   1.737   -3.483   -1.017   -0.037    0.949    3.393 1.019   250
xi[33]      -0.031   1.792   -3.660   -1.052   -0.020    1.067    3.459 1.024   830
xi[34]       0.036   1.801   -3.472   -0.970    0.056    1.067    3.553 1.016  2300
xi[35]       0.073   1.812   -3.637   -0.987    0.175    1.195    3.596 1.014   710
xi[36]       0.150   1.766   -3.540   -0.810    0.190    1.244    3.392 1.014   370
xi[37]       0.093   1.849   -3.670   -0.896    0.102    1.123    3.616 1.023  1700
xi[38]      -0.037   1.812   -3.691   -1.095   -0.004    1.013    3.543 1.017  5000
xi[39]       0.018   1.854   -3.765   -1.030    0.033    1.118    3.686 1.019  1200
xi[40]      -0.048   2.030   -5.276   -1.033    0.073    1.196    3.457 1.097    66
xi[41]      -0.213   2.087   -5.657   -1.175   -0.029    0.990    3.574 1.127    52
xi[42]       0.023   1.839   -3.708   -1.047    0.105    1.080    3.624 1.022   880
xi[43]      -0.231   2.042   -4.984   -1.295   -0.083    1.009    3.387 1.123    46
xi[44]       0.040   1.765   -3.623   -0.917    0.123    1.022    3.386 1.015   480
xi[45]       0.166   1.831   -3.549   -0.877    0.190    1.253    3.650 1.029   210
xi[46]       0.139   1.918   -3.680   -0.996    0.091    1.278    3.623 1.032   170
xi[47]       0.083   1.829   -3.608   -0.970    0.112    1.143    3.545 1.014  1200
xi[48]      -0.013   1.728   -3.493   -0.900    0.039    0.794    3.517 1.036  2300
deviance  2070.734   9.737 2055.326 2063.798 2069.811 2076.616 2091.076 1.119    35

For each parameter, n.eff is a crude measure of effective sample size,
and Rhat is the potential scale reduction factor (at convergence, Rhat=1).

DIC info (using the rule, pD = var(deviance)/2)
pD = 41.9 and DIC = 2112.7
DIC is an estimate of expected predictive error (lower deviance is better).
