LMA 
                      intercept:  0.07      0.017 (-0.021,  0.050)
                        ratio.x:  0.23      0.015 (-0.493,  0.268)
                            map:  1.00      1.972 ( 1.074,  3.209)*
                            mat:  0.74     -2.211 (-6.325,  0.253)
                     tminave07c:  0.74      0.422 ( 0.029,  0.813)*
                     tmaxave01c:  0.44     -0.453 (-0.841,  0.174)
                P_Bray_II_mg_kg:  1.00      0.230 ( 0.131,  0.320)*
 K_Exchangeable_cations_cmol_kg:  0.24      0.100 (-0.006,  0.212)
Ca_Exchangeable_cations_cmol_kg:  0.07      0.017 (-0.024,  0.059)
                              C:  0.13      0.038 (-0.008,  0.132)
                       temp_win:  0.78      0.855 ( 0.007,  2.358)*
                       temp_spr:  0.59     -0.772 (-1.975,  0.259)
                       temp_sum:  1.00      2.362 ( 1.175,  3.805)*
                       temp_aut:  0.88     -1.804 (-2.835, -0.273)*
                       rain_win:  0.27     -0.121 (-0.634,  0.240)
                       rain_spr:  0.52     -0.374 (-0.770,  0.187)
                       rain_sum:  0.35     -0.080 (-0.636,  0.283)
                       rain_aut:  1.00     -1.825 (-2.381, -1.194)*
                       apan_win:  0.75      0.245 ( 0.008,  0.518)*
                       apan_spr:  0.17      0.085 (-0.010,  0.269)
                       apan_sum:  0.14     -0.017 (-0.407,  0.176)
                       apan_aut:  0.13      0.067 (-0.024,  0.198)
                            alt:  1.00     -0.731 (-1.092, -0.432)*
