d13C_12C 
         pptcon:  0.11     -0.009 (-0.118,  0.113)
         summer:  0.39     -0.165 (-0.429,  0.022)
            map:  0.70      0.277 ( 0.019,  0.552)*
            mat:  0.46     -0.146 (-0.286,  0.042)
     tminave07c:  0.46      0.202 (-0.200,  0.759)
     tmaxave01c:  0.58     -0.201 (-0.571,  0.021)
P_Bray_II_mg_kg:  0.58     -0.230 (-0.586,  0.023)
            alt:  0.18      0.081 (-0.092,  0.246)
Percent_N 
         pptcon:  0.14     -0.029 (-0.112,  0.073)
         summer:  0.42     -0.106 (-0.246,  0.050)
            map:  1.00      0.323 ( 0.148,  0.587)*
            mat:  0.26     -0.019 (-0.181,  0.190)
     tminave07c:  0.61      0.205 (-0.076,  0.375)
     tmaxave01c:  0.57     -0.148 (-0.391,  0.014)
P_Bray_II_mg_kg:  0.42      0.013 (-0.246,  0.272)
            alt:  0.39     -0.098 (-0.212,  0.019)
LMA 
         pptcon:  0.11      0.015 (-0.090,  0.114)
         summer:  0.84      0.190 ( 0.050,  0.372)*
            map:  0.60     -0.059 (-0.319,  0.249)
            mat:  0.72     -0.181 (-0.336, -0.015)*
     tminave07c:  0.96     -0.349 (-0.758, -0.113)*
     tmaxave01c:  0.43     -0.024 (-0.247,  0.211)
P_Bray_II_mg_kg:  0.53     -0.067 (-0.289,  0.308)
            alt:  0.68      0.135 ( 0.016,  0.237)*
Wood_density 
         pptcon:  0.13      0.009 (-0.133,  0.122)
         summer:  0.33      0.039 (-0.176,  0.178)
            map:  0.57     -0.107 (-0.353,  0.189)
            mat:  0.96     -0.208 (-0.352, -0.095)*
     tminave07c:  0.52     -0.159 (-0.381,  0.160)
     tmaxave01c:  0.69      0.175 ( 0.032,  0.340)*
P_Bray_II_mg_kg:  0.74     -0.172 (-0.310,  0.098)
            alt:  0.93      0.167 ( 0.055,  0.282)*
area_lam 
         pptcon:  0.10      0.021 (-0.043,  0.083)
         summer:  0.19      0.035 (-0.052,  0.110)
            map:  0.30      0.056 (-0.046,  0.166)
            mat:  0.12     -0.028 (-0.151,  0.055)
     tminave07c:  0.28      0.072 (-0.009,  0.225)
     tmaxave01c:  0.43      0.170 ( 0.002,  0.469)*
P_Bray_II_mg_kg:  0.15      0.022 (-0.164,  0.181)
            alt:  0.08      0.003 (-0.080,  0.067)
lam_width 
         pptcon:  0.08      0.015 (-0.049,  0.083)
         summer:  0.10      0.007 (-0.083,  0.111)
            map:  0.15     -0.057 (-0.207,  0.075)
            mat:  0.19      0.066 (-0.013,  0.168)
     tminave07c:  0.21     -0.196 (-0.487,  0.063)
     tmaxave01c:  0.30      0.222 (-0.022,  0.544)
P_Bray_II_mg_kg:  0.25      0.167 (-0.021,  0.426)
            alt:  0.09      0.026 (-0.036,  0.091)
