Inference for Bugs model at "scripts/multivariate/analyze-protea.jags", fit using jags,
 5 chains, each with 60000 iterations (first 10000 discarded), n.thin = 50
 n.sims = 5000 iterations saved
           mu.vect sd.vect    2.5%     25%     50%     75%   97.5%  Rhat n.eff
S[1,1]      17.393  12.503   1.000   4.000  18.000  31.000  34.000 1.090    40
S[2,1]      15.907  12.025   1.000   4.000  14.000  28.000  34.000 1.181    22
S[3,1]      16.831  11.542   1.000   6.000  16.000  29.000  34.000 1.028   130
S[4,1]      17.827  12.709   1.000   4.000  18.000  32.000  34.000 1.209    20
S[5,1]      13.788  12.367   1.000   2.000  10.000  26.000  34.000 1.274    16
S[6,1]      14.195  11.524   1.000   3.000  11.000  25.000  34.000 1.048    68
S[1,2]      17.571  12.413   1.000   5.000  18.000  30.000  34.000 1.085    45
S[2,2]      15.747  12.204   1.000   4.000  13.000  28.000  34.000 1.189    21
S[3,2]      19.066  11.923   1.000   7.750  20.000  31.000  34.000 1.059    78
S[4,2]      17.615  13.181   1.000   3.000  19.000  32.000  34.000 1.172    23
S[5,2]      14.475  12.749   1.000   2.000  10.000  29.000  34.000 1.274    16
S[6,2]      13.779  11.315   1.000   3.000  10.000  23.000  34.000 1.045    73
S[1,3]      17.658  12.247   1.000   5.000  19.000  30.000  34.000 1.181    22
S[2,3]      18.526  10.748   1.000   9.000  20.000  28.000  34.000 1.061    73
S[3,3]      17.603  11.689   1.000   7.000  17.000  30.000  34.000 1.022   230
S[4,3]      20.644  12.339   1.000   8.000  25.000  33.000  34.000 1.397    13
S[5,3]      14.051  12.493   1.000   2.000  10.000  27.000  34.000 1.303    15
S[6,3]      13.886  11.380   1.000   3.000  10.000  24.000  34.000 1.043    77
S[1,4]      17.815  12.277   1.000   5.000  19.000  31.000  34.000 1.074    50
S[2,4]      15.792  12.346   1.000   4.000  13.000  29.000  34.000 1.176    23
S[3,4]      16.187  10.399   1.000   7.000  15.000  25.000  34.000 1.085    44
S[4,4]      21.939  11.310   1.000  12.750  25.000  33.000  34.000 1.514    11
S[5,4]      14.184  12.519   1.000   2.000  10.000  27.000  34.000 1.156    24
S[6,4]      14.432  11.477   1.000   4.000  11.000  25.000  34.000 1.031   100
S[1,5]      18.837  12.479   1.000   5.000  21.000  32.000  34.000 1.093    40
S[2,5]      17.624  11.843   1.000   5.000  19.000  29.000  34.000 1.088    48
S[3,5]      17.466   9.588   2.000  10.000  16.000  25.000  34.000 1.201    20
S[4,5]      20.306  11.938   1.000   9.000  22.000  32.000  34.000 1.259    17
S[5,5]      14.258  12.576   1.000   2.000  10.000  28.000  34.000 1.154    25
S[6,5]      13.972  11.132   1.000   3.000  11.000  23.000  34.000 1.060    55
S[1,6]      18.371  11.973   1.000   6.000  21.000  30.000  34.000 1.089    46
S[2,6]      15.222  12.015   1.000   4.000  13.000  27.000  34.000 1.239    18
S[3,6]      17.137  11.778   1.000   6.000  16.000  29.000  34.000 1.022   180
S[4,6]      17.047  12.625   1.000   3.000  18.000  30.000  34.000 1.194    21
S[5,6]      12.995  12.072   1.000   2.000   8.000  24.000  34.000 1.216    19
S[6,6]      14.807  11.597   1.000   4.000  12.000  26.000  34.000 1.044    76
S[1,7]      18.508  12.065   1.000   6.000  22.000  30.000  34.000 1.165    26
S[2,7]      16.386  12.261   1.000   4.000  15.000  29.000  34.000 1.241    18
S[3,7]      19.593  11.796   1.000   8.000  21.000  32.000  34.000 1.055    67
S[4,7]      19.454  12.429   1.000   6.000  21.000  32.000  34.000 1.237    18
S[5,7]      14.534  12.610   1.000   2.000  10.000  28.000  34.000 1.232    18
S[6,7]      13.379  11.224   1.000   3.000  10.000  23.000  34.000 1.124    30
S[1,8]      18.479  12.378   1.000   5.000  21.000  31.000  34.000 1.058    61
S[2,8]      15.998  11.831   1.000   4.000  15.000  27.000  34.000 1.280    16
S[3,8]      18.010  12.134   1.000   6.000  18.000  31.000  34.000 1.078    54
S[4,8]      16.859  12.156   1.000   4.000  19.000  29.000  34.000 1.171    24
S[5,8]      13.970  12.466   1.000   2.000   9.000  27.000  34.000 1.176    22
S[6,8]      15.220  11.727   1.000   4.000  12.000  27.000  34.000 1.034    94
S[1,9]      19.326  12.129   1.000   7.000  22.000  32.000  34.000 1.122    32
S[2,9]      15.040  11.700   1.000   4.000  13.000  27.000  34.000 1.179    22
S[3,9]      18.379   9.510   2.000  11.000  17.000  27.000  34.000 1.085    52
S[4,9]      20.398  12.404   1.000   8.000  24.000  33.000  34.000 1.399    13
S[5,9]      14.566  12.737   1.000   2.000  11.000  28.000  34.000 1.253    17
S[6,9]      13.941  11.440   1.000   3.000  11.000  24.000  34.000 1.076    46
beta[1,1]   -0.001   0.020  -0.053   0.000   0.000   0.000   0.032 1.002  4800
beta[2,1]   -0.004   0.020  -0.070   0.000   0.000   0.000   0.016 1.003  3900
beta[3,1]    0.002   0.018  -0.025   0.000   0.000   0.000   0.056 1.018   480
beta[4,1]    0.001   0.026  -0.063   0.000   0.000   0.000   0.075 1.015   640
beta[5,1]    0.002   0.011   0.000   0.000   0.000   0.000   0.037 1.007  3000
beta[6,1]    0.001   0.010   0.000   0.000   0.000   0.000   0.026 1.013  1500
beta[1,2]   -0.064   0.105  -0.356  -0.128   0.000   0.000   0.000 1.012   500
beta[2,2]   -0.045   0.071  -0.216  -0.092   0.000   0.000   0.009 1.007   450
beta[3,2]    0.160   0.104   0.000   0.100   0.158   0.227   0.367 1.008   410
beta[4,2]    0.013   0.064  -0.140   0.000   0.000   0.000   0.151 1.008   520
beta[5,2]    0.007   0.022   0.000   0.000   0.000   0.000   0.075 1.005  1700
beta[6,2]    0.001   0.015  -0.020   0.000   0.000   0.000   0.032 1.013   860
beta[1,3]    0.193   0.171   0.000   0.000   0.191   0.326   0.530 1.033   120
beta[2,3]    0.321   0.120   0.139   0.233   0.300   0.398   0.587 1.034   130
beta[3,3]   -0.035   0.139  -0.295  -0.146   0.000   0.000   0.220 1.072    51
beta[4,3]   -0.061   0.112  -0.313  -0.146   0.000   0.000   0.161 1.050    71
beta[5,3]    0.017   0.038   0.000   0.000   0.000   0.017   0.132 1.004   870
beta[6,3]   -0.009   0.038  -0.138   0.000   0.000   0.000   0.015 1.016   520
beta[1,4]   -0.067   0.092  -0.267  -0.147   0.000   0.000   0.015 1.025   130
beta[2,4]   -0.005   0.053  -0.137   0.000   0.000   0.000   0.143 1.013   280
beta[3,4]   -0.130   0.106  -0.323  -0.211  -0.141   0.000   0.000 1.021   170
beta[4,4]   -0.199   0.080  -0.350  -0.253  -0.199  -0.147   0.000 1.025   130
beta[5,4]   -0.004   0.023  -0.087   0.000   0.000   0.000   0.021 1.014   750
beta[6,4]    0.013   0.034   0.000   0.000   0.000   0.000   0.126 1.008   990
beta[1,5]    0.093   0.198  -0.160   0.000   0.000   0.173   0.685 1.012   310
beta[2,5]    0.126   0.130  -0.030   0.000   0.132   0.238   0.353 1.020   170
beta[3,5]   -0.336   0.190  -0.757  -0.462  -0.291  -0.202   0.000 1.094    40
beta[4,5]   -0.082   0.125  -0.348  -0.169   0.000   0.000   0.122 1.045    90
beta[5,5]    0.020   0.046   0.000   0.000   0.000   0.011   0.157 1.010  1300
beta[6,5]   -0.042   0.113  -0.421   0.000   0.000   0.000   0.011 1.104    64
beta[1,6]   -0.117   0.142  -0.523  -0.190  -0.096   0.000   0.000 1.005  3100
beta[2,6]   -0.084   0.105  -0.357  -0.146  -0.046   0.000   0.000 1.008   400
beta[3,6]   -0.010   0.093  -0.220   0.000   0.000   0.000   0.187 1.014   300
beta[4,6]    0.120   0.103   0.000   0.000   0.129   0.198   0.321 1.019   180
beta[5,6]    0.073   0.126   0.000   0.000   0.000   0.098   0.422 1.036   130
beta[6,6]    0.066   0.138   0.000   0.000   0.000   0.039   0.478 1.060    94
beta[1,7]   -0.134   0.163  -0.551  -0.216  -0.097   0.000   0.001 1.007   680
beta[2,7]    0.006   0.096  -0.192   0.000   0.000   0.000   0.245 1.010   350
beta[3,7]   -0.036   0.130  -0.272  -0.138   0.000   0.000   0.234 1.058    59
beta[4,7]   -0.128   0.109  -0.302  -0.214  -0.145   0.000   0.080 1.017   190
beta[5,7]    0.003   0.029  -0.012   0.000   0.000   0.000   0.067 1.020   440
beta[6,7]    0.041   0.097   0.000   0.000   0.000   0.000   0.347 1.091    65
beta[1,8]    0.015   0.051  -0.023   0.000   0.000   0.000   0.197 1.024   340
beta[2,8]   -0.038   0.060  -0.187  -0.077   0.000   0.000   0.000 1.009   360
beta[3,8]    0.092   0.078   0.000   0.000   0.106   0.155   0.230 1.007   500
beta[4,8]    0.156   0.071   0.000   0.114   0.161   0.204   0.281 1.008   480
beta[5,8]    0.000   0.011  -0.008   0.000   0.000   0.000   0.021 1.017   980
beta[6,8]    0.002   0.013   0.000   0.000   0.000   0.000   0.045 1.003  2600
beta[1,9]    0.133   0.167  -0.182   0.000   0.131   0.270   0.437 1.018   190
beta[2,9]   -0.100   0.136  -0.439  -0.175  -0.036   0.000   0.039 1.032   130
beta[3,9]   -0.248   0.150  -0.562  -0.333  -0.238  -0.162   0.000 1.079    46
beta[4,9]   -0.131   0.128  -0.344  -0.240  -0.145   0.000   0.096 1.051    66
beta[5,9]    0.074   0.127   0.000   0.000   0.000   0.099   0.426 1.033   140
beta[6,9]    0.049   0.112  -0.013   0.000   0.000   0.000   0.372 1.039   130
gamma[1,1]   0.110   0.313   0.000   0.000   0.000   0.000   1.000 1.002  2800
gamma[2,1]   0.139   0.346   0.000   0.000   0.000   0.000   1.000 1.003  1500
gamma[3,1]   0.114   0.317   0.000   0.000   0.000   0.000   1.000 1.025   240
gamma[4,1]   0.126   0.332   0.000   0.000   0.000   0.000   1.000 1.011   480
gamma[5,1]   0.102   0.303   0.000   0.000   0.000   0.000   1.000 1.003  2000
gamma[6,1]   0.078   0.268   0.000   0.000   0.000   0.000   1.000 1.012   640
gamma[1,2]   0.390   0.488   0.000   0.000   0.000   1.000   1.000 1.007   460
gamma[2,2]   0.420   0.494   0.000   0.000   0.000   1.000   1.000 1.010   330
gamma[3,2]   0.845   0.362   0.000   1.000   1.000   1.000   1.000 1.010   450
gamma[4,2]   0.329   0.470   0.000   0.000   0.000   1.000   1.000 1.012   260
gamma[5,2]   0.190   0.392   0.000   0.000   0.000   0.000   1.000 1.007   600
gamma[6,2]   0.097   0.296   0.000   0.000   0.000   0.000   1.000 1.009   730
gamma[1,3]   0.696   0.460   0.000   0.000   1.000   1.000   1.000 1.015   220
gamma[2,3]   0.996   0.066   1.000   1.000   1.000   1.000   1.000 1.016  5000
gamma[3,3]   0.601   0.490   0.000   0.000   1.000   1.000   1.000 1.021   150
gamma[4,3]   0.572   0.495   0.000   0.000   1.000   1.000   1.000 1.018   170
gamma[5,3]   0.296   0.457   0.000   0.000   0.000   1.000   1.000 1.002  1800
gamma[6,3]   0.154   0.361   0.000   0.000   0.000   0.000   1.000 1.004  1100
gamma[1,4]   0.461   0.499   0.000   0.000   0.000   1.000   1.000 1.025   130
gamma[2,4]   0.265   0.441   0.000   0.000   0.000   1.000   1.000 1.003  1300
gamma[3,4]   0.717   0.451   0.000   0.000   1.000   1.000   1.000 1.018   190
gamma[4,4]   0.960   0.197   0.000   1.000   1.000   1.000   1.000 1.063   210
gamma[5,4]   0.125   0.330   0.000   0.000   0.000   0.000   1.000 1.001  3500
gamma[6,4]   0.194   0.395   0.000   0.000   0.000   0.000   1.000 1.007   540
gamma[1,5]   0.460   0.498   0.000   0.000   0.000   1.000   1.000 1.005   700
gamma[2,5]   0.615   0.487   0.000   0.000   1.000   1.000   1.000 1.012   260
gamma[3,5]   0.961   0.193   0.000   1.000   1.000   1.000   1.000 1.026   530
gamma[4,5]   0.517   0.500   0.000   0.000   1.000   1.000   1.000 1.021   150
gamma[5,5]   0.276   0.447   0.000   0.000   0.000   1.000   1.000 1.002  2300
gamma[6,5]   0.213   0.409   0.000   0.000   0.000   0.000   1.000 1.035   120
gamma[1,6]   0.584   0.493   0.000   0.000   1.000   1.000   1.000 1.008   400
gamma[2,6]   0.568   0.495   0.000   0.000   1.000   1.000   1.000 1.013   250
gamma[3,6]   0.429   0.495   0.000   0.000   0.000   1.000   1.000 1.008   410
gamma[4,6]   0.686   0.464   0.000   0.000   1.000   1.000   1.000 1.040    87
gamma[5,6]   0.430   0.495   0.000   0.000   0.000   1.000   1.000 1.013   240
gamma[6,6]   0.298   0.457   0.000   0.000   0.000   1.000   1.000 1.018   190
gamma[1,7]   0.582   0.493   0.000   0.000   1.000   1.000   1.000 1.009   370
gamma[2,7]   0.416   0.493   0.000   0.000   0.000   1.000   1.000 1.002  2200
gamma[3,7]   0.534   0.499   0.000   0.000   1.000   1.000   1.000 1.026   120
gamma[4,7]   0.743   0.437   0.000   0.000   1.000   1.000   1.000 1.004  1000
gamma[5,7]   0.148   0.355   0.000   0.000   0.000   0.000   1.000 1.005   930
gamma[6,7]   0.248   0.432   0.000   0.000   0.000   0.000   1.000 1.035   110
gamma[1,8]   0.182   0.386   0.000   0.000   0.000   0.000   1.000 1.004   940
gamma[2,8]   0.390   0.488   0.000   0.000   0.000   1.000   1.000 1.011   300
gamma[3,8]   0.682   0.466   0.000   0.000   1.000   1.000   1.000 1.006   540
gamma[4,8]   0.934   0.249   0.000   1.000   1.000   1.000   1.000 1.026   340
gamma[5,8]   0.084   0.278   0.000   0.000   0.000   0.000   1.000 1.007   960
gamma[6,8]   0.090   0.286   0.000   0.000   0.000   0.000   1.000 1.010   710
gamma[1,9]   0.631   0.483   0.000   0.000   1.000   1.000   1.000 1.011   300
gamma[2,9]   0.570   0.495   0.000   0.000   1.000   1.000   1.000 1.022   140
gamma[3,9]   0.905   0.294   0.000   1.000   1.000   1.000   1.000 1.067   100
gamma[4,9]   0.676   0.468   0.000   0.000   1.000   1.000   1.000 1.023   140
gamma[5,9]   0.446   0.497   0.000   0.000   0.000   1.000   1.000 1.010   310
gamma[6,9]   0.266   0.442   0.000   0.000   0.000   1.000   1.000 1.019   190
pi[1]        0.466   0.232   0.074   0.282   0.456   0.637   0.925 1.013   290
pi[2]        0.485   0.230   0.115   0.298   0.467   0.655   0.947 1.009   400
pi[3]        0.615   0.197   0.236   0.468   0.625   0.763   0.962 1.010   380
pi[4]        0.596   0.197   0.225   0.451   0.596   0.745   0.954 1.015   220
pi[5]        0.283   0.227   0.009   0.098   0.229   0.420   0.837 1.004  1000
pi[6]        0.239   0.228   0.005   0.061   0.157   0.368   0.832 1.010   320
theta[1,1]   0.032   0.306  -0.573  -0.166   0.015   0.247   0.617 1.013   260
theta[2,1]   0.028   0.281  -0.471  -0.136  -0.021   0.218   0.550 1.006   610
theta[3,1]  -0.064   0.277  -0.615  -0.236  -0.083   0.134   0.412 1.012   320
theta[4,1]  -0.028   0.234  -0.363  -0.194  -0.048   0.142   0.336 1.015   240
theta[5,1]   0.067   0.343  -0.723  -0.019   0.061   0.197   0.780 1.007  1400
theta[6,1]   0.014   0.378  -0.857  -0.149   0.033   0.207   0.758 1.001  4800
theta[1,2]  -0.020   0.297  -0.518  -0.198  -0.102   0.196   0.620 1.013   280
theta[2,2]  -0.003   0.249  -0.415  -0.146  -0.065   0.182   0.476 1.011   330
theta[3,2]   0.144   0.171  -0.300   0.114   0.165   0.232   0.373 1.020   400
theta[4,2]  -0.019   0.223  -0.317  -0.184  -0.005   0.139   0.296 1.017   230
theta[5,2]   0.064   0.335  -0.720  -0.012   0.062   0.185   0.732 1.006  1500
theta[6,2]   0.015   0.382  -0.853  -0.149   0.028   0.210   0.763 1.004  1900
theta[1,3]   0.225   0.255  -0.495   0.154   0.253   0.366   0.588 1.012   490
theta[2,3]   0.322   0.121   0.143   0.233   0.300   0.398   0.587 1.032   130
theta[3,3]  -0.062   0.228  -0.450  -0.222  -0.128   0.130   0.351 1.046    82
theta[4,3]  -0.103   0.196  -0.361  -0.215  -0.151  -0.010   0.277 1.025   140
theta[5,3]   0.071   0.319  -0.673   0.004   0.067   0.181   0.761 1.006  1300
theta[6,3]  -0.003   0.379  -0.863  -0.170   0.005   0.191   0.786 1.001  3100
theta[1,4]  -0.026   0.288  -0.554  -0.192  -0.107   0.181   0.550 1.020   180
theta[2,4]   0.031   0.263  -0.443  -0.130  -0.009   0.211   0.506 1.001  5000
theta[3,4]  -0.157   0.172  -0.421  -0.241  -0.179  -0.115   0.233 1.046   160
theta[4,4]  -0.201   0.093  -0.359  -0.255  -0.202  -0.150  -0.019 1.037   130
theta[5,4]   0.063   0.349  -0.745  -0.040   0.055   0.199   0.824 1.004  1600
theta[6,4]   0.027   0.371  -0.787  -0.131   0.049   0.206   0.774 1.002  5000
theta[1,5]   0.119   0.297  -0.408  -0.117   0.160   0.298   0.723 1.024   140
theta[2,5]   0.147   0.239  -0.385   0.049   0.203   0.272   0.500 1.007   720
theta[3,5]  -0.341   0.189  -0.757  -0.463  -0.293  -0.210  -0.087 1.085    44
theta[4,5]  -0.121   0.199  -0.382  -0.241  -0.163  -0.051   0.255 1.013   270
theta[5,5]   0.074   0.327  -0.675   0.000   0.067   0.199   0.782 1.004  1300
theta[6,5]  -0.037   0.382  -0.851  -0.249  -0.019   0.142   0.777 1.006   620
theta[1,6]  -0.079   0.276  -0.572  -0.223  -0.142   0.074   0.450 1.009   530
theta[2,6]  -0.046   0.254  -0.443  -0.173  -0.097   0.116   0.452 1.011   280
theta[3,6]  -0.053   0.226  -0.488  -0.203  -0.090   0.127   0.320 1.005   860
theta[4,6]   0.083   0.203  -0.296   0.035   0.142   0.203   0.340 1.039   110
theta[5,6]   0.084   0.333  -0.702   0.008   0.079   0.230   0.748 1.008   910
theta[6,6]   0.057   0.388  -0.866  -0.104   0.071   0.274   0.760 1.008   440
theta[1,7]  -0.091   0.293  -0.593  -0.248  -0.144   0.086   0.443 1.009   580
theta[2,7]   0.036   0.248  -0.411  -0.128   0.007   0.211   0.505 1.007   510
theta[3,7]  -0.067   0.240  -0.506  -0.220  -0.129   0.130   0.363 1.026   140
theta[4,7]  -0.132   0.171  -0.335  -0.231  -0.167  -0.107   0.244 1.008   470
theta[5,7]   0.057   0.346  -0.761  -0.028   0.057   0.188   0.775 1.003  2200
theta[6,7]   0.049   0.369  -0.788  -0.103   0.066   0.248   0.766 1.008   710
theta[1,8]   0.049   0.309  -0.578  -0.153   0.056   0.241   0.631 1.007   440
theta[2,8]  -0.002   0.260  -0.418  -0.145  -0.067   0.188   0.501 1.013   230
theta[3,8]   0.071   0.197  -0.370   0.035   0.125   0.172   0.336 1.012   350
theta[4,8]   0.148   0.108  -0.216   0.116   0.162   0.205   0.285 1.025   430
theta[5,8]   0.061   0.349  -0.785  -0.028   0.060   0.201   0.789 1.006   730
theta[6,8]   0.018   0.386  -0.857  -0.148   0.033   0.214   0.814 1.001  5000
theta[1,9]   0.120   0.275  -0.501  -0.117   0.195   0.313   0.503 1.011   390
theta[2,9]  -0.058   0.253  -0.494  -0.197  -0.097   0.123   0.390 1.019   200
theta[3,9]  -0.254   0.170  -0.575  -0.338  -0.245  -0.176   0.162 1.069    59
theta[4,9]  -0.133   0.187  -0.362  -0.248  -0.179  -0.104   0.268 1.073    60
theta[5,9]   0.091   0.327  -0.675   0.010   0.080   0.239   0.735 1.007   950
theta[6,9]   0.045   0.371  -0.802  -0.117   0.062   0.252   0.781 1.005   630
xi[1]        0.039   0.379  -0.823  -0.144   0.069   0.219   0.854 1.006  4000
xi[2]        0.018   0.415  -0.887  -0.182   0.040   0.228   0.892 1.008   960
xi[3]        0.009   0.454  -0.953  -0.236   0.007   0.266   0.931 1.003  2400
xi[4]       -0.003   0.469  -0.970  -0.263  -0.011   0.260   0.952 1.001  3100
xi[5]        0.000   0.482  -1.008  -0.274   0.002   0.279   0.979 1.002  1900
xi[6]       -0.006   0.485  -0.997  -0.279  -0.014   0.274   0.996 1.003  1000
xi[7]        0.005   0.473  -0.986  -0.266   0.014   0.274   0.965 1.001  3700
xi[8]       -0.001   0.476  -0.994  -0.263   0.017   0.279   0.958 1.004   770
xi[9]        0.007   0.498  -0.998  -0.292   0.006   0.301   1.020 1.003  1400
xi[10]      -0.012   0.495  -1.021  -0.293  -0.021   0.284   1.004 1.002  2500
xi[11]      -0.014   0.500  -0.968  -0.313  -0.037   0.304   0.966 1.006   580
xi[12]      -0.030   0.490  -0.982  -0.315  -0.048   0.270   0.974 1.004  1100
xi[13]      -0.022   0.491  -1.040  -0.312  -0.029   0.279   0.950 1.002  4700
xi[14]      -0.019   0.496  -0.975  -0.323  -0.047   0.271   1.014 1.003  1300
xi[15]      -0.009   0.498  -0.980  -0.309  -0.025   0.288   1.014 1.003  1300
xi[16]      -0.011   0.493  -1.003  -0.297  -0.010   0.285   0.982 1.002  1800
xi[17]      -0.012   0.497  -1.035  -0.290  -0.030   0.282   1.006 1.002  1600
xi[18]       0.003   0.500  -0.967  -0.309   0.009   0.310   0.998 1.002  1600
xi[19]      -0.004   0.502  -1.042  -0.299   0.006   0.302   0.979 1.001  4400
xi[20]       0.002   0.480  -1.002  -0.284   0.013   0.310   0.961 1.004   910
xi[21]       0.013   0.496  -0.967  -0.282   0.012   0.301   1.018 1.001  5000
xi[22]       0.019   0.495  -1.005  -0.263   0.027   0.298   1.021 1.002  2400
xi[23]      -0.005   0.486  -1.003  -0.301   0.001   0.281   0.963 1.001  5000
xi[24]      -0.014   0.492  -0.999  -0.302  -0.025   0.269   0.985 1.002  1800
xi[25]       0.008   0.486  -0.994  -0.278  -0.003   0.293   1.018 1.002  2000
xi[26]      -0.008   0.488  -1.033  -0.289  -0.007   0.295   0.964 1.001  3500
xi[27]       0.012   0.483  -0.945  -0.267   0.023   0.301   0.993 1.002  1600
xi[28]       0.015   0.474  -0.960  -0.252   0.014   0.301   0.980 1.002  1900
xi[29]       0.021   0.477  -0.941  -0.258   0.032   0.293   0.960 1.001  5000
xi[30]       0.018   0.483  -0.963  -0.258   0.017   0.299   0.987 1.001  5000
xi[31]       0.004   0.470  -0.966  -0.260   0.021   0.271   0.960 1.003  1200
xi[32]       0.027   0.455  -0.905  -0.240   0.049   0.294   0.961 1.002  5000
xi[33]       0.024   0.424  -0.906  -0.207   0.045   0.247   0.896 1.003  1200
xi[34]      -0.014   0.385  -0.800  -0.210  -0.071   0.209   0.777 1.019   190
deviance   858.403  18.994 813.715 848.601 860.045 870.901 891.922 1.036   130

For each parameter, n.eff is a crude measure of effective sample size,
and Rhat is the potential scale reduction factor (at convergence, Rhat=1).

DIC info (using the rule, pD = var(deviance)/2)
pD = 174.9 and DIC = 1033.3
DIC is an estimate of expected predictive error (lower deviance is better).
